25 3 49 32 486 12 106 3 487 33 1246 1 22 7 488 4 1 56 1247 44 25 32 1248 29 431 4 34 32 28 203 2 	0	0	0
34 77 1249 106 620 489 3 1250 1251 490 15 1252 3 4 1253 100 111 29 1 170 2 	0	0	0
1 9 7 621 60 373 51 60 622 4 1 204 374 2 	1	0	0
623 21 22 17 	2	0	0
8 31 432 33 433 3 205 148 3 1 9 5 57 811 3 812 16 2 	1	2	0
433 5 1 46 39 29 813 624 4 18 625 2 	2	2	0
1 626 1254 5 57 107 4 1 1255 1256 1257 27 1258 7 86 12 21 186 2 	1	2	0
1 58 124 5 295 4 73 205 16 814 2 	3	2	0
1 58 124 5 295 4 73 205 16 814 2 	4	2	0
15 1 78 3 20 67 23 108 21 95 18 136 2 	5	2	0
8 7 28 296 27 21 39 2 	2	0	0
8 36 10 297 627 628 148 206 491 815 327 65 27 1 298 8 1259 1260 2 	0	0	0
9 7 629 3 187 14 2 	1	1	0
630 219 7 434 171 631 1261 1262 7 88 112 492 816 4 36 10 817 6 170 27 632 4 203 220 2 	6	0	0
8 25 74 77 41 65 10 21 22 109 2 	2	0	0
188 29 6 435 263 1263 1264 3 27 137 818 101 1 819 3 4 8 221 45 633 21 7 1 22 11 1265 240 820 3 138 11 7 45 14 17 	2	2	0
13 7 634 3 635 222 6 636 61 34 264 3 4 1 78 149 30 40 375 17 17 17 	0	2	0
13 7 634 3 635 222 6 636 61 34 264 3 4 1 78 149 30 40 375 17 17 17 	1	2	0
13 7 634 3 635 222 6 636 61 34 264 3 4 1 78 149 30 40 375 17 17 17 	5	2	0
20 149 30 41 299 62 2 	2	2	0
172 87 18 131 241 8 120 11 6 493 10 207 39 433 29 813 624 2 	2	2	0
118 5 57 376 10 377 3 1 13 5 42 3 1 70 208 4 637 2 	1	2	0
118 5 57 376 10 377 3 1 13 5 42 3 1 70 208 4 637 2 	0	2	0
118 5 57 376 10 377 3 1 13 5 42 3 1 70 208 4 637 2 	6	2	0
8 36 1 626 1266 98 29 37 160 207 4 11 7 378 2 	1	2	0
149 30 102 102 15 37 379 207 2 	2	2	0
1 9 5 28 150 43 1 125 1267 494 5 6 113 60 373 3 172 223 34 328 5 60 373 62 2 	1	0	0
1 119 223 8 1268 495 7 71 821 173 98 27 638 1269 2 	1	2	0
8 36 77 36 638 822 206 19 8 224 11 7 823 4 99 54 121 139 639 6 113 88 824 50 2 	1	2	0
8 36 77 36 638 822 206 19 8 224 11 7 823 4 99 54 121 139 639 6 113 88 824 50 2 	7	2	0
71 329 124 7 300 3 19 25 32 209 15 828 829 3 72 7 30 641 19 132 15 106 642 830 17 	3	2	0
71 329 124 7 300 3 19 25 32 209 15 828 829 3 72 7 30 641 19 132 15 106 642 830 17 	0	2	0
25 188 210 1275 29 6 1276 4 11 36 831 266 6 113 92 242 45 1 13 7 14 17 	0	2	0
25 140 1277 1278 1279 2 	2	2	0
1 174 175 2 	2	2	0
13 81 4 225 2 	0	2	0
55 30 832 21 22 1280 1281 3 20 31 10 82 11 10 833 11 3 6 301 226 83 301 15 1 1282 1283 2 	2	2	0
1 9 5 330 2 	1	1	0
190 3 11 35 1 13 24 1284 6 243 267 18 37 497 2 	0	0	0
8 1285 10 31 6 1286 24 1287 1288 27 6 89 113 12 498 1289 3 72 1290 23 1291 6 227 1292 91 3 1293 120 91 103 243 834 15 1294 44 499 3 51 1 643 2 	0	0	0
8 436 3 20 32 60 500 1295 176 64 1296 1297 1298 4 209 835 3 19 37 1299 5 8 191 62 10 108 4 228 1 1300 12 177 3 1301 6 302 161 2 	0	0	0
95 3 8 151 30 268 11 49 3 4 1302 3 8 31 644 437 8 67 244 12 90 37 161 2 	2	0	0
1 160 87 8 1303 92 11 645 192 488 2 1304 2 	8	0	0
9 5 14 2 	1	2	0
13 5 152 382 2 	0	2	0
8 31 93 211 65 109 4 109 2 	2	2	0
8 1305 10 832 6 84 39 92 126 501 1306 3 72 7 1307 33 84 836 2 	1	2	0
11 837 18 37 89 497 4 1 174 1308 23 60 1309 3 646 3 4 383 647 2 	1	2	0
1 84 648 192 96 4 7 1310 1311 2 	1	2	0
1 141 10 137 1312 7 122 16 34 151 30 82 10 1313 1 141 2 	7	2	0
25 502 1314 12 1 649 78 84 269 29 650 45 11 7 95 76 11 2 	1	2	0
438 187 121 40 838 83 1 1315 2 	8	2	0
18 1 384 3 21 22 1316 6 95 1317 3 27 11 3 270 651 2 	8	2	0
1 9 7 95 331 4 1 13 839 2 	1	2	0
1 9 7 95 331 4 1 13 839 2 	0	2	0
8 191 211 65 2 	2	2	0
265 245 11 35 44 1318 86 12 136 4 840 6 1319 12 1320 2 	6	2	0
1 841 439 79 5 76 172 842 4 20 68 88 112 303 54 178 18 843 4 127 50 2 	7	2	0
1 841 439 79 5 76 172 842 4 20 68 88 112 303 54 178 18 843 4 127 50 2 	9	2	0
8 74 40 211 65 4 844 94 11 17 	2	2	0
11 5 304 3 61 5 1 305 2 	1	2	0
11 5 304 3 61 5 1 305 2 	9	2	0
104 652 4 49 5 162 99 9 3 38 12 11 96 4 845 846 2 	1	2	0
104 652 4 49 5 162 99 9 3 38 12 11 96 4 845 846 2 	9	2	0
8 221 23 6 847 19 3 385 38 1 111 32 14 2 	1	2	0
41 653 4 228 2 	2	2	0
1 9 62 5 332 16 3 19 119 47 20 44 10 102 15 11 2 	1	2	0
1 9 62 5 332 16 3 19 119 47 20 44 10 102 15 11 2 	0	0	0
1 13 1328 83 263 10 263 333 34 153 28 53 3 4 333 23 2 	0	0	0
1 654 190 3 5 385 57 503 2 	0	0	0
122 3 1329 47 20 44 64 9 229 126 332 246 47 20 55 30 2 	1	0	0
1 110 5 192 4 53 15 655 3 45 6 386 334 62 66 335 40 46 2 	6	2	0
387 10 24 14 13 4 14 9 33 6 154 78 4 20 31 504 1 848 12 6 14 384 2 	0	2	0
387 10 24 14 13 4 14 9 33 6 154 78 4 20 31 504 1 848 12 6 14 384 2 	1	2	0
1 1330 656 193 7 378 4 8 94 11 2 	1	2	0
336 20 1331 840 1332 3 20 153 1333 18 6 114 3 176 1 849 1334 850 505 2 	6	2	0
21 374 39 5 61 337 61 11 338 3 27 24 851 850 1335 2 	6	2	0
1 9 7 150 10 339 150 171 1 306 852 388 307 657 23 853 658 3 4 1 854 23 659 18 142 143 2 	7	2	0
190 3 41 15 1 110 3 4 440 1 9 80 6 855 15 6 240 856 1 186 17 	6	2	0
190 3 41 15 1 110 3 4 440 1 9 80 6 855 15 6 240 856 1 186 17 	1	1	0
11 7 441 2 	2	0	0
1 63 7 857 340 4 1 212 7 30 105 1336 837 17 	1	0	0
21 73 213 10 40 69 12 1 128 858 163 18 625 2 	2	0	0
1 63 5 129 4 341 2 	1	0	0
1 63 5 129 4 341 2 	9	0	0
6 155 507 3 38 210 2 	2	0	0
8 244 8 139 36 123 1 46 508 12 37 860 33 1337 2 	1	2	0
1 271 5 107 3 49 35 6 16 58 124 3 4 1 133 663 79 57 442 123 14 664 2 	1	2	0
1 271 5 107 3 49 35 6 16 58 124 3 4 1 133 663 79 57 442 123 14 664 2 	3	2	0
1 271 5 107 3 49 35 6 16 58 124 3 4 1 133 663 79 57 442 123 14 664 2 	7	2	0
1 1338 12 665 96 343 18 1 111 26 1339 19 75 48 2 	1	2	0
76 1 240 83 136 2 	2	2	0
46 509 8 133 36 4 14 308 510 230 861 2 	1	2	0
46 509 8 133 36 4 14 308 510 230 861 2 	7	2	0
37 511 36 1 512 390 72 26 156 4 345 11 2 	1	2	0
61 6 231 1340 3 8 139 443 18 1 1341 248 15 194 666 195 3 19 8 7 80 45 862 33 21 22 2 	2	2	0
21 22 5 1 128 231 11 67 133 68 2 	8	2	0
1 513 3 1 309 514 3 9 3 4 105 38 1 391 26 38 444 231 2 	8	2	0
1 513 3 1 309 514 3 9 3 4 105 38 1 391 26 38 444 231 2 	7	2	0
1 513 3 1 309 514 3 9 3 4 105 38 1 391 26 38 444 231 2 	1	2	0
1 513 3 1 309 514 3 9 3 4 105 38 1 391 26 38 444 231 2 	0	2	0
21 22 5 76 85 69 863 864 2 	2	2	0
8 221 45 515 65 62 109 3 61 162 61 8 67 2 	2	2	0
865 5 85 516 392 346 164 386 19 1342 3 27 95 331 667 306 505 866 3 16 309 3 6 232 4 1343 59 2 	1	2	0
37 511 4 8 57 228 1 1344 3 23 57 95 1345 19 1346 81 3 56 3 38 12 1347 31 6 1348 2 	0	2	0
330 58 33 154 52 2 	10	1	0
330 58 33 154 52 2 	4	2	0
31 93 1349 12 148 4 77 867 10 228 1 161 2 	2	2	0
868 8 1350 10 82 347 22 29 1 1351 3 8 68 1352 24 8 151 30 80 41 10 1353 1354 2 	2	2	0
21 5 92 272 37 233 22 18 1 310 2 	2	2	0
1 13 5 42 3 1 70 5 14 3 4 1 9 5 48 4 517 18 393 204 2 	6	2	0
1 13 5 42 3 1 70 5 14 3 4 1 9 5 48 4 517 18 393 204 2 	1	2	0
1 13 5 42 3 1 70 5 14 3 4 1 9 5 48 4 517 18 393 204 2 	7	2	0
8 191 1355 10 1 1356 2 	2	2	0
21 22 5 668 374 2 	6	0	0
34 1357 10 1358 1359 12 435 51 88 29 669 2 	0	0	0
1 869 5 203 10 1 493 12 230 870 2 	0	0	0
1 9 7 246 445 2 	1	0	0
8 80 55 30 1360 38 1 871 43 	2	0	0
25 31 93 10 21 22 205 148 3 4 57 31 14 9 3 58 3 4 13 2 	1	2	0
25 31 93 10 21 22 205 148 3 4 57 31 14 9 3 58 3 4 13 2 	10	2	0
25 31 93 10 21 22 205 148 3 4 57 31 14 9 3 58 3 4 13 2 	0	2	0
61 57 25 36 6 14 394 12 58 234 25 670 2 	10	2	0
115 25 518 3 25 213 14 4 144 13 2 	0	2	0
1 165 24 249 49 26 57 45 81 20 1361 20 26 18 131 241 333 2 	0	2	0
120 179 20 82 21 22 61 348 61 20 67 2 	2	2	0
21 5 6 219 39 10 41 10 2 	2	2	0
1 63 5 519 4 8 44 1 872 2 	1	2	0
1 63 5 519 4 8 44 1 872 2 	6	2	0
8 188 49 15 334 4 11 7 23 61 16 61 8 395 83 1 671 8 1362 2 	1	0	0
273 7 1363 4 1 9 151 30 31 162 396 2 	1	0	0
8 55 30 244 8 66 41 109 2 	2	0	0
21 22 5 14 2 	2	2	0
8 36 6 156 349 15 37 520 4 25 32 95 1364 521 12 2 	0	2	0
1 446 7 28 873 27 106 4 1 9 5 874 17 	0	2	0
1 446 7 28 873 27 106 4 1 9 5 874 17 	1	2	0
13 7 274 3 81 4 14 2 	0	2	0
383 29 1 180 196 19 76 11 17 	5	0	0
14 63 4 181 13 2 	1	2	0
14 63 4 181 13 2 	0	2	0
49 7 6 114 102 3 19 1365 112 8 395 2 	0	2	0
875 33 1 672 12 6 876 1366 2 	11	2	0
28 337 4 232 311 250 	6	2	0
8 74 40 65 17 	2	2	0
21 5 1 46 84 18 131 241 166 877 266 2 	1	2	0
1 22 5 114 4 397 19 1 9 5 181 2 	6	0	0
1 22 5 114 4 397 19 1 9 5 181 2 	1	2	0
68 1 275 12 1367 2 	1	2	0
522 878 73 57 93 6 879 27 91 3 8 41 49 492 15 1 84 3 72 5 14 3 1 125 9 5 42 60 2 	1	2	0
522 878 73 57 93 6 879 27 91 3 8 41 49 492 15 1 84 3 72 5 14 3 1 125 9 5 42 60 2 	2	2	0
27 1 14 523 29 1 79 3 8 108 62 348 4 77 68 835 2 	7	2	0
1 59 5 30 1 447 3 19 8 880 24 35 247 34 350 1 52 266 2 	6	0	0
1 59 5 30 1 447 3 19 8 880 24 35 247 34 350 1 52 266 2 	5	2	0
11 35 38 90 1 9 17 17 	1	2	0
19 115 25 645 33 1 79 3 49 32 30 6 197 12 398 3 128 12 431 32 251 18 1 276 1368 2 	7	0	0
399 277 32 155 3 19 23 16 4 524 7 30 96 2 	7	1	0
399 277 32 155 3 19 23 16 4 524 7 30 96 2 	1	0	0
1369 35 5 44 1370 222 437 662 64 673 4 34 26 351 633 20 327 2 	0	2	0
82 1 1371 275 3 11 5 10 525 15 2 	1	2	0
82 118 15 24 526 3 11 5 38 16 2 	1	2	0
8 31 93 211 49 448 11 1372 4 8 149 30 68 303 2 	2	2	0
278 188 62 10 228 71 400 881 2 	6	2	0
1 9 7 107 3 4 1 13 7 274 4 401 3 19 23 194 882 51 674 2 	1	2	0
1 9 7 107 3 4 1 13 7 274 4 401 3 19 23 194 882 51 674 2 	0	2	0
1 527 1373 5 6 14 1374 3 34 528 11 15 20 33 1 170 2 	7	2	0
14 58 134 3 884 5 76 1 78 3 4 1 403 885 5 6 14 305 2 	3	2	0
14 58 134 3 884 5 76 1 78 3 4 1 403 885 5 6 14 305 2 	10	2	0
11 235 40 6 113 676 29 669 3 19 1 404 5 16 4 11 5 1 46 306 9 20 74 268 18 1 248 2 	1	2	0
31 405 1 22 10 177 3 57 338 16 1376 2 	8	2	0
63 1 119 63 18 312 24 352 23 31 1377 677 1 344 1378 44 1 46 3 1379 886 887 17 	1	2	0
23 179 222 1 888 889 3 890 3 891 3 19 433 5 18 6 14 310 4 73 14 9 17 	11	2	0
23 179 222 1 888 889 3 890 3 891 3 19 433 5 18 6 14 310 4 73 14 9 17 	1	2	0
8 214 130 94 11 15 6 98 530 11 678 4 353 252 4 53 13 2 	6	2	0
8 214 130 94 11 15 6 98 530 11 678 4 353 252 4 53 13 2 	0	2	0
8 214 130 94 11 15 6 98 530 11 678 4 353 252 4 53 13 2 	8	2	0
8 191 23 179 222 1 198 892 449 19 11 531 61 47 25 1380 253 215 163 138 37 177 4 8 38 228 450 28 162 43 4 25 153 893 894 2 	2	2	0
105 254 34 1381 91 1 160 87 8 7 49 2 	0	0	0
120 179 20 31 1 229 1382 313 354 2 	1	2	0
11 35 48 17 	1	2	0
502 37 1384 15 1385 35 263 3 4 1 1386 1387 533 7 192 203 2 	0	0	0
644 106 10 534 895 3 4 115 25 518 157 451 1 170 7 1388 2 	0	0	0
1389 29 37 1390 29 1 679 87 157 1391 194 91 10 1392 1393 2 	0	0	0
374 193 7 104 896 43 80 897 129 15 97 11 5 2 	7	0	0
374 193 7 104 896 43 80 897 129 15 97 11 5 2 	9	0	0
1 116 26 57 898 132 4 58 134 5 535 182 2 	10	2	0
1 116 26 57 898 132 4 58 134 5 535 182 2 	4	2	0
82 71 355 35 309 34 26 10 525 15 2 	1	2	0
13 5 23 1394 1395 1396 3 19 24 680 23 75 6 155 269 2 	0	1	0
1397 1398 5 57 6 16 1399 	6	2	0
1400 35 5 6 199 3 337 39 2 	6	2	0
1 899 9 5 900 901 4 5 6 407 18 48 902 2 	7	2	0
1 899 9 5 900 901 4 5 6 407 18 48 902 2 	1	2	0
1 56 5 668 401 4 225 2 	0	2	0
1 200 5 28 95 903 27 295 681 4 95 182 216 2 	3	2	0
1 200 5 28 95 903 27 295 681 4 95 182 216 2 	4	2	0
21 5 69 12 37 233 163 4 11 5 23 10 40 1401 2 	2	2	0
64 177 74 904 20 15 1402 431 10 21 346 17 	2	2	0
115 25 905 29 865 3 25 224 24 25 36 279 265 1 346 19 3 25 32 682 299 2 	2	0	0
242 3 10 152 314 176 3 491 1403 639 1404 29 37 452 35 1405 4 151 23 453 10 1406 51 381 1 906 24 7 536 29 1407 2 	0	0	0
255 6 507 43 	0	0	0
203 13 3 683 9 43 49 26 356 12 163 18 270 43 684 226 83 21 69 	0	0	0
203 13 3 683 9 43 49 26 356 12 163 18 270 43 684 226 83 21 69 	1	1	0
203 13 3 683 9 43 49 26 356 12 163 18 270 43 684 226 83 21 69 	2	0	0
8 36 6 1408 87 33 537 4 538 17 	2	2	0
8 345 907 90 11 167 1 908 4 909 2 	2	2	0
8 345 907 90 11 167 1 908 4 909 2 	6	2	0
100 910 7 28 401 4 81 2 	0	2	0
8 221 818 37 539 220 65 379 87 2 	8	2	0
1 9 7 16 60 2 	1	2	0
1 275 4 1409 1410 26 42 2 	1	2	0
1 540 59 12 685 29 1 1411 1412 1 186 41 92 1413 1414 226 29 1415 280 29 6 208 384 7 117 2 	11	2	0
311 5 6 89 397 3 19 10 40 395 2 	6	1	0
13 7 274 4 1416 2 	0	2	0
21 7 6 893 207 4 25 408 158 40 65 109 2 	2	2	0
14 13 3 14 9 2 	1	2	0
19 60 272 516 17 	11	0	0
1 63 5 48 34 660 96 686 911 12 1 135 3 1417 3 1418 212 1419 10 128 1420 35 2 	1	2	0
253 1421 71 276 134 1422 3 11 66 40 53 10 68 123 686 1423 29 1 79 2 	7	0	0
122 3 138 11 5 45 357 3 11 338 340 28 687 4 126 23 24 307 2 	1	0	0
122 3 138 11 5 45 357 3 11 338 340 28 687 4 126 23 24 307 2 	7	0	0
102 56 5 912 913 12 64 358 19 126 1 46 454 29 1 541 17 	0	0	0
102 56 5 912 913 12 64 358 19 126 1 46 454 29 1 541 17 	1	2	0
92 272 1 46 359 8 31 36 18 6 144 9 39 2 	1	2	0
315 236 39 127 2 	1	2	0
6 168 82 17 	2	2	0
29 6 1424 542 543 3 6 360 4 8 1425 279 21 14 39 29 100 143 10 914 1 1426 1427 1428 1429 1430 2 	2	2	0
21 7 1 174 688 3 544 3 4 48 915 10 100 543 12 455 2 	1	2	0
21 7 1 174 688 3 544 3 4 48 915 10 100 543 12 455 2 	6	2	0
1 173 689 454 5 690 3 1 691 156 4 692 3 4 1 13 316 693 232 2 	1	2	0
1 173 689 454 5 690 3 1 691 156 4 692 3 4 1 13 316 693 232 2 	7	2	0
1 173 689 454 5 690 3 1 691 156 4 692 3 4 1 13 316 693 232 2 	0	2	0
27 45 205 361 1431 10 40 36 18 1 455 1432 3 5 456 85 42 268 17 	2	2	0
25 74 362 205 148 15 21 1433 18 1434 409 2 	2	2	0
1 56 5 145 1435 2 	0	2	0
1 9 1436 1437 2 	7	2	0
115 8 443 1438 15 6 234 8 66 1439 1440 1 217 4 34 66 457 40 201 112 142 363 2 	1	2	0
76 916 1 694 917 175 138 11 5 1 918 1441 2 	8	2	0
157 256 91 85 1442 919 313 3 72 8 77 36 206 3 4 920 91 921 20 43 11 7 922 17 	1	2	0
38 18 38 3 21 923 346 1443 1444 69 12 37 233 84 163 18 1 166 2 	2	2	0
82 1 406 1445 4 1 836 98 313 2 	1	2	0
58 124 134 5 16 4 58 92 1 394 7 1452 1453 10 1 152 2 	3	2	0
697 5 57 274 3 169 1 39 146 926 101 18 1 384 2 	0	2	0
61 205 198 892 1464 3 64 281 5 348 503 10 1465 21 5 927 1466 18 1 384 19 5 23 6 458 698 334 87 2 	0	1	0
1 70 5 1467 4 699 1468 27 317 1469 1470 1471 29 1 389 196 12 1 236 925 3 72 26 14 15 6 282 2 	6	2	0
8 31 77 93 296 18 1 547 699 2 	2	2	0
11 35 245 1 46 183 18 312 2 	1	2	0
20 67 23 41 299 33 1 547 699 928 2 	2	2	0
47 25 32 10 700 83 1 413 516 196 3 25 66 1472 929 21 39 2 	2	2	0
1 39 5 257 19 23 1473 2 	2	1	0
1 9 5 6 1474 18 1475 1 9 5 48 4 930 27 1 174 1476 12 1477 4 1478 2 	1	2	0
8 66 130 94 11 2 	2	2	0
11 35 69 12 100 233 548 10 108 18 270 2 	2	2	0
25 36 6 14 87 33 1 537 4 538 701 160 189 2 	2	2	0
254 75 702 1479 33 1 200 25 518 266 33 6 170 4 36 159 2 	8	2	0
1 910 7 75 208 4 256 106 100 9 4 116 27 6 703 2 	0	2	0
1 22 35 70 4 1480 1481 132 15 6 16 1482 2 	6	2	0
8 130 94 916 21 39 4 704 159 4 116 17 	2	2	0
37 364 4 8 1483 11 66 40 14 10 41 10 1 537 4 538 701 15 100 1484 3 4 10 100 705 11 7 181 2 	2	2	0
1 31 194 706 215 681 10 707 1485 931 45 24 132 37 364 28 708 4 1 9 7 48 3 47 8 168 94 6 298 11 168 40 1 1486 1487 2 	3	2	0
414 415 37 1488 3 41 4 82 21 22 2 	2	2	0
20 74 23 40 1489 33 38 2 	2	2	0
25 32 23 932 18 1 459 113 92 21 89 346 2 	2	2	0
1 460 7 156 2 	7	2	0
1 709 49 122 318 1490 1 460 27 416 212 54 338 6 89 1491 50 2 	7	0	0
8 345 11 4 66 130 94 2 	2	2	0
21 7 37 933 87 33 319 549 550 35 4 8 168 184 247 934 1 9 4 1 13 7 2 	1	2	0
21 7 37 933 87 33 319 549 550 35 4 8 168 184 247 934 1 9 4 1 13 7 2 	0	2	0
198 1492 495 63 3 1493 1494 1495 359 4 137 4 551 2 	1	2	0
8 130 94 319 549 550 35 15 71 9 3 1 110 4 117 13 2 	1	2	0
8 130 94 319 549 550 35 15 71 9 3 1 110 4 117 13 2 	6	2	0
38 1 56 5 318 316 17 17 	0	2	0
21 39 7 143 1496 2 	2	0	0
37 630 219 4 630 914 7 75 246 4 445 2 	1	0	0
629 8 55 30 461 1 445 402 54 710 128 26 376 24 143 50 19 11 7 143 60 246 2 	1	0	0
1 935 1497 4 512 251 32 187 86 12 1 1498 2 	1	1	0
1 13 7 1 119 223 16 90 21 39 2 	0	2	0
1 13 7 1 119 223 16 90 21 39 2 	2	0	0
11 35 936 29 1 311 3 4 100 84 7 192 937 150 43 1 275 7 341 4 1 198 277 36 145 396 2 	6	0	0
11 35 936 29 1 311 3 4 100 84 7 192 937 150 43 1 275 7 341 4 1 198 277 36 145 396 2 	1	0	0
71 365 1499 5 48 4 118 363 5 181 2 	1	2	0
1 78 5 154 218 1 13 5 361 2 	5	2	0
1 78 5 154 218 1 13 5 361 2 	0	0	0
96 39 7 107 938 9 7 48 4 12 552 96 2 	2	2	0
96 39 7 107 938 9 7 48 4 12 552 96 2 	1	2	0
8 74 40 211 65 28 462 2 	2	2	0
350 101 1 16 249 2 	2	2	0
11 7 117 2 	2	2	0
1 463 26 48 3 178 1500 4 28 229 2 	1	2	0
25 36 1501 35 98 512 137 4 11 7 107 2 	1	2	0
60 393 15 80 253 165 19 187 7 536 2 	7	0	0
8 151 30 1503 3 8 553 1 59 45 162 2 	6	2	0
29 6 417 263 11 7 283 10 453 18 4 228 334 2 	2	2	0
110 5 45 257 4 712 3 16 15 358 218 25 32 49 29 1504 2 	8	2	0
218 25 32 209 15 939 1505 4 123 1506 1 463 25 213 32 14 2 	1	2	0
25 74 40 65 2 	2	2	0
21 5 123 75 16 3 464 84 2 	1	2	0
21 5 123 75 16 3 464 84 2 	9	2	0
1 229 275 313 5 156 4 335 1 46 24 8 139 36 33 21 78 713 2 	1	2	0
1 229 275 313 5 156 4 335 1 46 24 8 139 36 33 21 78 713 2 	9	2	0
8 31 940 90 1 38 20 67 108 269 3 190 1 398 26 535 366 4 20 67 335 281 88 9 112 20 67 108 15 554 112 104 941 92 80 211 176 1 79 2 	7	0	0
8 31 940 90 1 38 20 67 108 269 3 190 1 398 26 535 366 4 20 67 335 281 88 9 112 20 67 108 15 554 112 104 941 92 80 211 176 1 79 2 	9	0	0
18 142 1507 3 21 5 6 22 8 408 40 179 10 453 92 109 115 8 191 18 21 402 12 409 2 	2	2	0
155 942 338 155 1508 15 6 315 943 2 	2	2	0
34 31 11 38 14 78 3 9 3 4 13 2 	5	2	0
34 31 11 38 14 78 3 9 3 4 13 2 	1	2	0
34 31 11 38 14 78 3 9 3 4 13 2 	0	2	0
1 59 5 695 4 1 714 26 944 715 210 716 314 61 144 61 34 67 2 	0	2	0
1 9 5 331 687 4 717 2 	0	2	0
4 11 38 517 33 6 28 154 78 54 945 3 489 3 4 141 111 26 145 88 112 104 435 652 718 50 2 	9	2	0
1 1509 5 14 60 448 34 418 320 127 1510 61 95 2 	0	2	0
21 22 5 57 28 321 4 946 2 	8	2	0
495 6 28 53 1511 359 234 37 511 36 1512 4 555 212 719 178 28 99 2 	1	2	0
25 178 947 15 6 258 298 4 34 32 256 948 4 96 2 	0	2	0
25 178 947 15 6 258 298 4 34 32 256 948 4 96 2 	1	2	0
25 1513 27 949 720 656 3 178 32 48 2 	1	2	0
25 214 41 65 109 	2	2	0
8 721 188 10 21 39 27 123 950 709 15 334 4 36 85 107 87 2 	2	2	0
1 56 7 722 3 1 9 7 318 48 4 1 22 5 723 2 	0	2	0
1 56 7 722 3 1 9 7 318 48 4 1 22 5 723 2 	1	2	0
342 3 1 52 26 320 3 19 8 419 11 7 76 11 2 	5	0	0
342 3 1 52 26 320 3 19 8 419 11 7 76 11 2 	2	2	0
25 38 419 11 7 76 11 2 	2	2	0
333 8 68 16 9 4 237 13 2 	1	2	0
333 8 68 16 9 4 237 13 2 	0	1	0
333 8 68 243 9 4 243 13 3 333 8 68 16 16 4 243 13 2 	0	0	0
11 5 23 951 2 	2	0	0
1 22 5 6 505 72 465 164 284 111 4 58 256 717 18 6 952 59 2 	3	2	0
1 22 5 6 505 72 465 164 284 111 4 58 256 717 18 6 952 59 2 	6	2	0
4 222 146 1514 41 299 171 145 222 2 	2	2	0
20 26 23 420 1515 421 27 953 1516 12 1517 19 164 1518 3 1519 1520 3 1521 1522 3 954 171 284 494 2 	1	2	0
4 1523 29 399 1524 1525 5 245 117 2 	2	2	0
389 176 1 1526 18 625 21 5 6 53 337 22 27 16 63 2 	6	2	0
37 360 213 1 955 63 72 724 201 2 	1	2	0
1 1532 7 192 99 4 16 29 6 417 1533 263 2 	10	2	0
422 12 6 114 22 19 8 956 47 34 26 23 60 500 725 40 696 10 1534 6 349 51 957 2 	8	1	0
238 8 66 94 11 4 41 65 109 2 	2	2	0
8 958 86 27 6 1535 423 72 7 155 303 15 253 2 	3	2	0
1536 43 11 7 48 2 	1	2	0
8 149 30 102 10 41 65 2 	2	2	0
1 9 5 322 239 48 17 	1	2	0
63 5 304 3 61 5 930 258 2 	1	2	0
110 5 959 3 13 556 2 	6	2	0
110 5 959 3 13 556 2 	0	2	0
8 191 457 1537 24 8 36 10 557 15 621 9 2 	1	0	0
1 1538 527 7 44 1539 4 1 275 7 1540 23 10 1541 11 724 44 11 36 80 93 1542 2 	1	0	0
13 7 122 441 4 1 110 5 23 24 14 2 	0	0	0
13 7 122 441 4 1 110 5 23 24 14 2 	6	0	0
8 41 4 108 86 33 205 215 163 4 21 5 69 22 20 31 41 4 82 2 	2	2	0
21 5 37 278 87 960 6 726 15 6 39 138 1 9 4 13 7 42 2 	1	2	0
21 5 37 278 87 960 6 726 15 6 39 138 1 9 4 13 7 42 2 	0	2	0
8 66 1543 264 65 62 109 61 69 12 37 152 398 2 	2	2	0
11 35 6 114 257 39 2 	2	2	0
8 318 140 21 22 17 17 17 	2	2	0
8 44 1 110 3 11 35 28 961 4 918 2 	6	2	0
1 84 5 107 17 17 17 	1	2	0
4 1544 135 2 	9	2	0
155 1545 101 17 	2	2	0
28 323 4 42 962 17 	6	2	0
28 323 4 42 962 17 	5	2	0
25 32 28 296 2 	1	0	0
25 963 30 41 10 21 22 109 15 6 16 183 2 	1	0	0
190 3 8 244 21 22 5 6 16 1546 86 175 2 	6	2	0
37 727 4 8 905 1547 21 1548 22 1 198 189 4 36 6 14 87 17 	2	2	0
1 63 4 58 32 42 1 13 60 19 97 75 132 21 22 7 1 728 236 248 2 	1	2	0
1 63 4 58 32 42 1 13 60 19 97 75 132 21 22 7 1 728 236 248 2 	10	2	0
1 63 4 58 32 42 1 13 60 19 97 75 132 21 22 7 1 728 236 248 2 	6	2	0
34 921 91 34 26 211 10 1549 1 400 18 394 15 1 1550 3 45 8 191 209 964 10 211 49 29 6 1551 189 10 228 11 2 	8	2	0
643 21 22 86 17 	2	2	0
130 405 17 17 17 17 17 	2	2	0
729 24 3 51 1 1552 35 965 12 1553 168 40 558 6 655 27 1 379 170 3 234 466 10 1554 1555 112 1 966 29 1556 2 	6	0	0
1 259 26 730 143 60 559 3 1 79 5 285 12 142 239 39 3 4 1 58 124 5 245 129 2 	6	0	0
1 259 26 730 143 60 559 3 1 79 5 285 12 142 239 39 3 4 1 58 124 5 245 129 2 	7	1	0
1 259 26 730 143 60 559 3 1 79 5 285 12 142 239 39 3 4 1 58 124 5 245 129 2 	4	0	0
383 339 150 216 1557 33 104 1558 967 27 119 69 134 641 33 104 1559 967 2 	4	0	0
13 5 23 97 69 66 731 83 6 968 18 21 78 1560 2 	0	0	0
15 1561 3 969 32 80 1562 29 1 170 3 8 7 1563 1 58 124 1564 266 3 954 719 	0	0	0
1565 970 1 239 883 27 1566 1567 1568 146 23 1569 1570 13 2 	0	0	0
10 40 560 971 3 1 119 972 973 7 1 9 3 72 7 339 150 3 19 121 30 120 101 15 38 1 198 974 12 975 2 	1	2	0
10 40 560 971 3 1 119 972 973 7 1 9 3 72 7 339 150 3 19 121 30 120 101 15 38 1 198 974 12 975 2 	2	0	0
23 69 12 100 508 7 1571 246 4 51 132 27 1572 1573 51 1574 1575 2 	1	0	0
257 22 3 53 102 56 19 66 77 41 49 109 2 	0	2	0
257 22 3 53 102 56 19 66 77 41 49 109 2 	6	2	0
257 22 3 53 102 56 19 66 77 41 49 109 2 	2	0	0
506 363 405 1 193 25 122 536 24 2 	1	0	0
69 12 106 351 553 1 1576 24 35 11 2 	10	2	0
732 21 39 3 11 35 6 155 507 2 	2	0	0
1577 5 69 12 37 233 163 18 1 166 171 1 22 1 1578 671 1579 1580 44 34 32 976 363 2 	2	2	0
8 139 77 36 243 13 4 1 137 5 96 4 48 2 	1	2	0
71 275 1581 276 5 10 525 15 2 	1	2	0
8 264 83 6 220 12 1582 1583 3 4 8 191 385 1584 10 184 24 1 63 18 1585 35 1586 37 1587 1588 226 2 	1	2	0
11 5 245 107 2 	1	2	0
1 22 5 45 208 4 1 13 5 274 4 977 2 	0	2	0
1 22 5 45 208 4 1 13 5 274 4 977 2 	6	2	0
8 130 94 10 467 10 418 21 22 6 82 2 	2	2	0
20 74 268 504 1589 265 348 2 	2	2	0
6 39 24 146 30 82 10 55 286 978 328 14 9 27 14 13 18 6 302 59 2 	1	2	0
6 39 24 146 30 82 10 55 286 978 328 14 9 27 14 13 18 6 302 59 2 	6	2	0
145 1590 62 1 9 1591 15 979 18 126 1592 4 1593 2 	1	2	0
1 13 7 556 4 1594 1 56 662 97 34 26 49 10 55 10 436 71 79 3 1595 64 183 3 4 1596 10 64 561 2 	0	2	0
209 210 3 8 980 6 287 412 12 131 981 702 6 468 183 18 6 468 39 3 23 6 982 12 1 283 466 10 40 469 2 	1	2	0
209 210 3 8 980 6 287 412 12 131 981 702 6 468 183 18 6 468 39 3 23 6 982 12 1 283 466 10 40 469 2 	6	2	0
288 161 2 	2	2	0
1 367 5 733 1 13 5 152 382 43 1 289 5 734 2 	11	2	0
1 367 5 733 1 13 5 152 382 43 1 289 5 734 2 	0	2	0
1 367 5 733 1 13 5 152 382 43 1 289 5 734 2 	6	2	0
1 56 442 556 13 2 	0	2	0
37 452 36 1 131 1597 1598 11 7 16 19 8 244 1 1599 352 41 10 1 406 1600 2 	1	2	0
11 7 983 1601 18 64 497 2 	1	2	0
37 452 36 1602 1603 11 7 16 2 	1	2	0
11 35 1604 11 35 45 16 20 380 10 267 11 17 17 17 	1	2	0
38 18 38 25 153 1605 515 101 27 1606 10 41 1607 75 462 18 1 379 562 1608 17 17 17 17 	2	2	0
37 511 4 8 449 62 1609 21 984 4 31 23 1610 1611 4 1612 90 1 9 2 	1	2	0
47 20 44 229 9 68 1 173 1613 2 	1	2	0
11 35 28 229 19 23 870 2 	1	2	0
25 74 158 41 65 2 	2	2	0
41 10 735 15 694 985 13 4 304 9 2 	0	2	0
41 10 735 15 694 985 13 4 304 9 2 	1	2	0
1 9 5 107 43 167 47 20 68 1 355 35 368 79 4 64 986 563 54 51 253 17 50 12 58 83 85 300 134 12 216 2 	1	2	0
1 9 5 107 43 167 47 20 68 1 355 35 368 79 4 64 986 563 54 51 253 17 50 12 58 83 85 300 134 12 216 2 	3	2	0
1 22 5 114 4 353 4 20 235 103 6 89 321 3 19 1 13 5 42 4 11 35 14 15 177 86 3 6 199 282 3 51 6 98 564 2 	0	2	0
1 22 5 114 4 353 4 20 235 103 6 89 321 3 19 1 13 5 42 4 11 35 14 15 177 86 3 6 199 282 3 51 6 98 564 2 	6	0	0
1 22 5 114 4 353 4 20 235 103 6 89 321 3 19 1 13 5 42 4 11 35 14 15 177 86 3 6 199 282 3 51 6 98 564 2 	8	2	0
1 9 67 68 180 19 1 470 439 368 79 5 1 447 9 15 6 16 78 4 34 736 1 9 10 142 9 737 51 9 20 55 30 44 2 	1	2	0
1 9 67 68 180 19 1 470 439 368 79 5 1 447 9 15 6 16 78 4 34 736 1 9 10 142 9 737 51 9 20 55 30 44 2 	0	2	0
414 40 1614 24 11 35 1615 51 1616 119 17 	8	1	0
25 411 1 98 3 821 1622 3 24 7 45 1623 27 987 3 11 7 988 10 108 2 	1	0	0
1 70 18 21 22 5 28 738 1624 4 1 422 12 22 20 731 18 1 516 392 23 199 3 80 284 3 114 4 1625 2 	6	1	0
458 5 187 33 1626 5 927 989 2 	2	0	0
145 1627 10 362 1628 462 2 	2	0	0
21 22 5 45 162 219 2 	6	2	0
100 220 77 395 255 378 990 18 6 39 2 	6	2	0
1 56 7 1 1629 24 31 469 18 131 241 2 	0	2	0
25 74 41 65 172 87 25 26 18 1 166 2 	2	2	0
47 20 202 991 75 215 112 82 537 4 538 2 	2	2	0
11 5 6 197 12 219 27 424 990 4 38 1630 12 1631 1632 98 1633 2 	6	2	0
1 9 7 192 1634 19 11 7 417 4 16 27 393 204 2 	7	2	0
8 130 94 11 2 	2	2	0
37 1635 992 739 345 11 2 	2	2	0
1 1636 75 120 15 85 993 161 2 	6	2	0
1 9 190 3 5 97 69 725 731 2 	1	0	0
11 5 28 129 4 23 28 99 2 	1	0	0
11 5 28 129 4 23 28 99 2 	9	0	0
190 3 8 244 1637 4 1638 1639 5 69 12 399 548 24 5 219 10 55 336 2 	2	2	0
25 36 6 16 87 2 	2	2	0
9 7 16 23 14 23 76 1 102 51 347 207 	1	1	0
9 7 16 23 14 23 76 1 102 51 347 207 	2	0	0
1 63 7 14 2 	1	2	0
4 11 7 565 72 5 28 740 2 	0	2	0
11 7 117 2 	10	2	0
1640 20 380 6 84 528 3 450 74 40 49 27 127 137 4 14 13 2 	0	2	0
290 5 144 60 2 	0	2	0
14 81 13 3 144 697 3 144 290 3 42 84 2 	0	2	0
14 81 13 3 144 697 3 144 290 3 42 84 2 	1	2	0
6 89 129 19 76 11 336 20 415 6 471 2 	9	0	0
6 89 129 19 76 11 336 20 415 6 471 2 	1	2	0
1641 6 460 54 729 92 1642 409 51 923 50 5 92 272 1 46 460 18 270 2 	1	2	0
1 217 57 232 3 994 29 1 311 3 566 29 1 260 4 567 18 324 2 	1	2	0
1 217 57 232 3 994 29 1 311 3 566 29 1 260 4 567 18 324 2 	7	2	0
34 31 6 156 134 12 215 416 568 4 38 12 71 463 26 14 2 	1	2	0
34 31 6 156 134 12 215 416 568 4 38 12 71 463 26 14 2 	7	2	0
1 1643 5 57 96 60 2 	1	2	0
23 569 27 1 9 2 	1	0	0
52 60 320 15 21 397 4 995 570 2 	5	0	0
52 60 320 15 21 397 4 995 570 2 	6	0	0
1644 289 10 1645 2 	6	0	0
8 224 21 22 7 444 858 2 	2	0	0
118 25 36 7 16 51 237 719 19 158 187 14 2 	1	1	0
1 110 7 53 3 19 13 7 30 45 14 2 	6	2	0
1 110 7 53 3 19 13 7 30 45 14 2 	0	0	0
115 20 387 11 38 996 3 11 80 146 30 571 76 11 10 91 43 167 545 1 52 2 	2	0	0
115 20 387 11 38 996 3 11 80 146 30 571 76 11 10 91 43 167 545 1 52 2 	5	0	0
21 5 1 46 572 572 39 18 1 82 1646 248 2 	2	2	0
8 31 443 18 573 15 425 195 4 1 267 12 1 9 4 1 103 12 1 39 5 44 230 65 18 573 2 	1	2	0
8 31 443 18 573 15 425 195 4 1 267 12 1 9 4 1 103 12 1 39 5 44 230 65 18 573 2 	6	2	0
1647 5 6 168 15 467 147 1648 572 572 2 	1	2	0
1 59 5 187 98 3 19 11 1649 44 6 84 943 18 1650 2 	6	2	0
1 472 4 56 26 38 231 61 95 4 24 997 10 1 574 289 2 	8	2	0
1 472 4 56 26 38 231 61 95 4 24 997 10 1 574 289 2 	6	2	0
575 6 383 366 79 3 118 331 5 711 10 377 3 998 96 4 6 249 12 9 999 2 	1	2	0
8 168 418 11 1000 86 12 1000 1651 17 	2	2	0
25 32 30 17 	2	2	0
1 52 32 135 1001 10 1 127 12 13 4 9 2 	0	2	0
1 52 32 135 1001 10 1 127 12 13 4 9 2 	1	2	0
25 553 11 45 162 3 24 25 74 57 120 11 6 493 10 1002 62 115 25 207 131 241 2 	2	2	0
1 426 4 110 5 237 19 1 9 5 97 185 101 15 11 2 	11	1	0
1 426 4 110 5 237 19 1 9 5 97 185 101 15 11 2 	6	1	0
1 426 4 110 5 237 19 1 9 5 97 185 101 15 11 2 	1	2	0
49 5 6 197 12 523 105 15 165 147 108 847 44 91 2 	7	2	0
82 1003 1652 27 1653 2 	1	2	0
8 7 49 29 518 2 15 37 520 4 25 36 85 42 87 2 	2	2	0
8 36 1 46 532 133 2 	1	2	0
1 58 1 13 7 28 16 60 2 	10	2	0
1 58 1 13 7 28 16 60 2 	0	2	0
741 52 2 	5	1	0
6 89 1004 19 8 244 24 7 138 12 100 1005 17 	6	1	0
21 712 4 199 1006 5 33 1 152 12 37 136 39 124 2 	6	2	0
21 712 4 199 1006 5 33 1 152 12 37 136 39 124 2 	2	2	0
1 9 5 48 83 1 309 10 1 939 79 866 3 1 111 26 77 6 507 2 	1	2	0
1007 11 35 1 1654 1008 1655 51 1 473 1656 27 1009 742 3 20 74 1657 40 1658 10 1659 1660 27 69 471 2 	1	2	0
218 1 259 235 40 743 744 3 1 576 745 3 9 127 4 13 746 2 	1	2	0
218 1 259 235 40 743 744 3 1 576 745 3 9 127 4 13 746 2 	0	2	0
6 1661 407 17 	2	2	0
8 31 747 90 21 748 15 1 160 749 195 3 750 751 50 73 752 10 328 9 4 58 15 1 753 33 754 52 2 	1	2	0
8 31 747 90 21 748 15 1 160 749 195 3 750 751 50 73 752 10 328 9 4 58 15 1 753 33 754 52 2 	10	2	0
8 31 747 90 21 748 15 1 160 749 195 3 750 751 50 73 752 10 328 9 4 58 15 1 753 33 754 52 2 	4	2	0
47 20 41 3 82 1 1662 1663 273 3 1 686 1664 1665 5 1666 250 118 5 80 48 2 	1	2	0
8 1667 11 1668 529 1669 2 	2	2	0
904 20 1670 2 	2	2	0
8 279 1 9 3 13 4 305 577 868 8 31 93 49 2 	0	2	0
1 9 7 322 2 	1	2	0
8 419 61 169 8 32 420 18 1010 2 	1	2	0
1 13 7 42 81 4 225 2 	0	2	0
1 52 26 1671 578 2 	5	2	0
28 16 58 398 2 	3	2	0
147 73 287 15 1672 27 1 46 63 18 312 17 	1	2	0
68 1 1673 1011 4 6 220 579 359 2 	1	2	0
57 14 13 17 	0	2	0
8 41 1012 6 1674 17 	2	2	0
181 17 	2	2	0
1 869 4 1 446 32 668 203 4 151 118 34 121 10 1013 106 86 2 	0	0	0
25 32 1675 10 68 193 19 1 446 1014 1676 1 580 33 106 206 25 36 6 1015 10 281 2 	0	0	0
21 22 5 180 3 4 342 3 1 9 5 76 11 171 19 1 13 185 20 103 44 20 352 40 1016 6 1017 12 1 78 2 	1	2	0
21 22 5 180 3 4 342 3 1 9 5 76 11 171 19 1 13 185 20 103 44 20 352 40 1016 6 1017 12 1 78 2 	0	0	0
1677 504 1 87 4 1678 4 732 21 69 17 	2	0	0
8 449 62 6 984 1018 4 279 128 111 150 33 46 4 60 325 2 	9	0	0
70 5 53 169 13 67 40 1019 2 	6	2	0
70 5 53 169 13 67 40 1019 2 	0	0	0
21 22 5 57 676 2 	6	1	0
128 1679 3 9 5 42 2 	1	2	0
82 1 501 1020 2 	1	2	0
278 12 38 1021 1022 1680 2 	1	2	0
8 221 708 8 151 1 9 7 755 2 	1	2	0
80 755 2 	1	2	0
4 342 1021 1022 5 45 1681 16 4 45 26 38 1 1682 2 	1	2	0
19 238 8 418 11 6 369 	2	2	0
369 	2	2	0
1683 29 1023 680 5 245 1024 2 	2	0	0
74 77 40 65 2 	2	0	0
1684 1 756 84 37 364 4 8 36 18 100 574 1685 2 	1	0	0
1 38 1025 67 108 84 5 158 18 28 361 127 2 	1	0	0
366 79 3 145 45 96 343 3 1026 474 137 3 1027 757 141 2 	7	0	0
366 79 3 145 45 96 343 3 1026 474 137 3 1027 757 141 2 	1	0	0
1 119 314 1025 121 75 267 26 1 28 622 1028 273 54 105 126 578 1686 50 3 1 742 1687 141 3 4 1 935 29 152 12 1 137 2 	1	0	0
1 1688 26 53 169 2 	0	2	0
8 31 93 10 1689 35 1012 4 178 148 32 28 1029 2 	2	0	0
178 148 8 7 1690 932 92 1 13 3 72 7 1691 203 2 	0	0	0
34 66 370 105 920 91 1692 37 394 12 58 206 1693 347 2 	0	0	0
162 12 1 87 11 531 44 34 55 23 521 90 20 2 	0	0	0
1 159 7 237 3 187 8 66 31 109 2 	1	0	0
8 36 71 1030 1694 15 1695 3 72 32 1 756 18 37 574 860 3 8 410 1696 1 1697 273 560 24 7 247 867 11 7 2 	1	0	0
21 7 6 14 705 2 	2	2	0
27 1 455 581 1031 226 25 36 6 48 183 18 6 288 287 2 	1	2	0
27 1 455 581 1031 226 25 36 6 48 183 18 6 288 287 2 	6	2	0
1 13 7 225 2 	0	2	0
8 640 964 10 420 62 109 	2	2	0
522 125 5 14 17 	2	2	0
25 140 1 9 3 116 3 4 59 17 	1	2	0
25 140 1 9 3 116 3 4 59 17 	10	2	0
25 140 1 9 3 116 3 4 59 17 	6	2	0
1 1032 67 40 6 113 203 33 148 3 1033 47 20 31 155 349 3 19 238 1 39 5 6 168 17 	0	0	0
1 1032 67 40 6 113 203 33 148 3 1033 47 20 31 155 349 3 19 238 1 39 5 6 168 17 	2	2	0
82 1 365 125 3 11 35 283 4 71 52 26 45 135 17 	1	2	0
82 1 365 125 3 11 35 283 4 71 52 26 45 135 17 	5	2	0
80 138 11 35 135 146 23 1034 1 204 26 114 51 1 9 5 1035 3 11 5 14 17 	1	2	0
80 138 11 35 135 146 23 1034 1 204 26 114 51 1 9 5 1035 3 11 5 14 17 	5	2	0
34 1698 6 371 3 151 30 1036 1699 1700 3 4 151 30 1036 1701 27 1 1702 1703 2 	0	0	0
122 3 1 582 54 1037 104 425 50 151 30 264 27 286 44 551 51 6 196 2 	7	0	0
122 3 1 582 54 1037 104 425 50 151 30 264 27 286 44 551 51 6 196 2 	9	0	0
238 3 23 76 1 291 2 	2	0	0
238 3 23 76 1 291 2 	5	0	0
420 18 3 1 59 1704 11 3 19 33 64 1705 3 11 35 6 28 1029 161 2 	6	2	0
1706 400 5 37 233 292 39 18 1 166 2 	2	2	0
34 31 322 292 33 1707 52 2 	1	2	0
11 35 6 332 397 4 500 39 4 11 1708 1709 2 	8	0	0
1038 1039 6 53 1040 200 4 73 14 56 2 	6	2	0
1038 1039 6 53 1040 200 4 73 14 56 2 	0	2	0
1 9 5 99 4 308 758 26 1041 2 	1	2	0
1 9 5 99 4 308 758 26 1041 2 	7	2	0
21 5 6 53 39 47 20 26 209 15 6 16 22 10 1042 85 353 159 1043 27 358 1710 2 	8	2	0
23 6 14 22 15 220 51 1711 236 2 	8	0	0
1712 21 22 2 	2	2	0
9 5 42 2 	1	2	0
137 5 45 28 96 2 	1	2	0
140 1713 2 	2	2	0
1044 1045 5 85 238 16 39 27 75 16 271 2 	1	2	0
1044 1045 5 85 238 16 39 27 75 16 271 2 	2	2	0
1 79 5 366 19 385 38 12 1 111 26 42 2 	7	0	0
1 13 5 16 4 110 5 16 15 6 282 51 349 1046 2 	0	2	0
1 13 5 16 4 110 5 16 15 6 282 51 349 1046 2 	6	2	0
105 169 126 16 271 3 1 52 26 60 320 2 	1	2	0
105 169 126 16 271 3 1 52 26 60 320 2 	5	0	0
1 406 371 5 104 1047 4 218 11 7 16 11 7 23 759 303 10 1048 24 78 2 	1	2	0
1 406 371 5 104 1047 4 218 11 7 16 11 7 23 759 303 10 1048 24 78 2 	9	0	0
25 32 28 475 1049 2 	2	2	0
1 9 7 48 54 8 36 6 1050 98 3 37 364 36 527 50 3 4 1 13 7 152 382 2 	1	2	0
1 9 7 48 54 8 36 6 1050 98 3 37 364 36 527 50 3 4 1 13 7 152 382 2 	0	2	0
115 37 193 327 3 49 7 6 576 18 11 23 138 467 427 15 69 19 138 1 227 168 31 469 91 1714 37 520 1715 4 1716 3 4 451 157 760 11 7 6 98 564 12 123 1717 2 	0	2	0
456 1 1718 12 85 225 227 2 	0	2	0
25 224 24 21 22 5 1719 60 162 12 1720 1721 18 1 1722 2 	1	0	0
414 55 30 1723 106 2 	8	0	0
8 94 1 1724 137 3 1725 173 4 1 1726 251 3 682 1 1727 1728 1729 476 2 	1	2	0
1 9 5 45 135 4 1 714 26 53 2 	9	2	0
1 9 5 45 135 4 1 714 26 53 2 	0	2	0
12 552 3 11 5 321 19 147 1730 2 	6	1	0
31 1731 533 1732 15 317 195 4 1 9 1733 42 2 	1	2	0
212 761 5 6 762 407 4 14 583 33 104 369 2 	1	2	0
212 761 5 6 762 407 4 14 583 33 104 369 2 	7	2	0
212 761 5 6 762 407 4 14 583 33 104 369 2 	9	2	0
54 1 1734 3 1735 1736 3 1737 1738 5 6 1739 17 50 	1	2	0
58 124 5 300 510 230 194 182 2 	4	2	0
40 179 10 82 1 1051 3 4 57 48 3 309 2 	1	2	0
158 6 310 233 2 	2	2	0
8 385 1740 10 1052 6 726 138 1 59 7 45 14 4 8 66 1741 15 11 60 1053 10 321 2 	6	2	0
1 9 7 28 16 3 6 14 269 3 4 1 22 126 498 7 14 2 	1	2	0
1 9 7 28 16 3 6 14 269 3 4 1 22 126 498 7 14 2 	9	2	0
1 9 7 28 16 3 6 14 269 3 4 1 22 126 498 7 14 2 	6	2	0
1 102 56 5 28 1054 3 34 120 11 103 44 20 153 420 18 6 1054 89 1742 409 2 	0	2	0
8 44 319 584 55 370 68 91 299 3 11 5 1055 24 1 165 147 249 49 26 1056 4 763 17 17 	0	0	0
8 44 319 584 55 370 68 91 299 3 11 5 1055 24 1 165 147 249 49 26 1056 4 763 17 17 	2	2	0
1 13 7 372 3 25 36 10 102 15 118 4 297 317 12 215 165 15 1 585 223 206 25 32 1743 10 40 256 2 	0	0	0
1 446 3 531 10 40 88 1744 12 209 16 112 351 1745 2 	0	0	0
254 159 1 586 1746 37 452 3 427 1057 164 222 26 20 83 43 1058 20 55 370 436 247 314 249 18 1747 43 4 18 1 672 1748 226 385 1749 1750 24 1059 26 1 119 223 34 1751 29 2 	0	0	0
1 539 477 101 5 456 1060 4 8 546 319 584 66 68 123 16 56 3 138 575 1 1061 69 21 5 6 14 22 2 	0	0	0
1 539 477 101 5 456 1060 4 8 546 319 584 66 68 123 16 56 3 138 575 1 1061 69 21 5 6 14 22 2 	2	2	0
463 26 6 48 143 10 1752 1 183 2 	1	2	0
20 352 1062 29 1 764 2 	1	0	0
70 5 765 2 	6	2	0
97 6 14 22 2 	2	2	0
1 110 7 45 219 3 4 1 52 32 14 3 29 152 12 1 587 24 1 9 7 75 99 2 	5	2	0
1 110 7 45 219 3 4 1 52 32 14 3 29 152 12 1 587 24 1 9 7 75 99 2 	1	2	0
8 7 30 1753 10 31 10 102 29 766 15 1754 588 3 19 8 956 24 35 1 78 20 557 15 6 946 22 2 	0	1	0
8 66 158 94 501 47 20 44 125 421 17 	1	2	0
8 7 62 6 562 1063 65 4 25 36 1 756 1064 13 161 33 6 39 133 2 	0	0	0
6 1755 3 1058 1 586 3 327 10 100 170 3 4 510 45 162 61 6 703 51 1756 427 15 100 281 2 	0	0	0
115 427 90 247 6 851 298 7 331 18 1757 10 6 1758 33 198 125 163 3 157 1759 21 5 23 1760 35 3 172 22 185 314 1761 	0	0	0
234 11 5 1762 24 172 22 5 1763 215 3 49 7 23 6 380 10 40 1764 10 894 4 1765 203 2 	0	0	0
42 59 3 48 111 16 4 81 13 2 	6	2	0
42 59 3 48 111 16 4 81 13 2 	1	2	0
42 59 3 48 111 16 4 81 13 2 	0	2	0
8 244 24 11 5 318 659 4 95 1766 358 1767 2 	2	2	0
1 58 124 5 122 75 53 2 	3	2	0
118 7 117 171 9 3 116 3 56 3 589 2 	2	2	0
118 7 117 171 9 3 116 3 56 3 589 2 	1	2	0
118 7 117 171 9 3 116 3 56 3 589 2 	0	2	0
118 7 117 171 9 3 116 3 56 3 589 2 	6	2	0
8 66 130 94 21 22 17 	2	2	0
8 31 93 10 1768 194 767 148 4 8 31 57 36 6 14 87 49 2 	2	2	0
1 9 5 14 4 590 182 2 	1	2	0
1 9 5 14 4 590 182 2 	9	2	0
47 1 1769 5 53 3 82 10 1770 85 260 170 2 	6	2	0
1 56 73 93 53 3 19 34 648 75 1065 4 1 1066 1067 561 10 40 1068 88 348 2 	0	2	0
1 56 73 93 53 3 19 34 648 75 1065 4 1 1066 1067 561 10 40 1068 88 348 2 	6	0	0
37 452 4 8 188 49 10 1771 37 520 1 198 189 4 38 8 67 184 5 24 11 7 876 2 	2	2	0
83 1 591 428 10 1 1772 391 3 8 419 44 1773 4 495 172 679 12 11 2 	0	2	0
545 25 32 1 160 1774 49 4 11 7 254 1 819 87 3 1 391 151 23 1013 106 33 38 4 132 106 103 1069 4 592 2 	0	2	0
8 130 94 428 1070 10 467 147 1071 48 152 1072 428 4 181 13 2 	1	2	0
8 130 94 428 1070 10 467 147 1071 48 152 1072 428 4 181 13 2 	0	2	0
53 220 1775 924 39 2 	2	2	0
96 343 4 118 5 132 10 281 2 	1	2	0
8 279 1 9 10 40 478 3 1776 1 479 298 8 36 2 	1	2	0
8 122 411 1 1073 1777 3 72 7 86 12 21 186 2 	10	2	0
37 177 1778 15 141 111 3 19 25 327 65 1 1779 263 10 82 1 261 262 3 72 7 16 43 23 478 3 19 16 2 	1	1	0
25 449 86 18 1 65 1074 3 72 5 76 11 61 11 35 208 4 1 293 5 1780 95 49 2 	6	2	0
238 3 42 39 17 	2	2	0
1 9 7 16 2 	1	2	0
1 22 7 53 4 1781 2 	6	2	0
19 1 13 7 6 113 503 2 	0	0	0
1 1782 36 6 53 134 2 	7	2	0
1 9 7 150 51 339 768 123 1075 99 111 2 	1	2	0
13 7 122 28 16 2 	0	2	0
8 66 41 65 2 	2	2	0
8 213 85 42 480 12 1783 4 25 36 317 198 53 1784 2 	1	2	0
37 1785 4 770 727 178 1786 1787 4 34 32 156 17 	7	1	0
19 3 34 32 60 155 15 1 1788 2 	7	0	0
1789 3 71 1790 1076 757 18 71 877 4 132 255 6 906 24 34 1791 103 44 1792 431 2 	7	0	0
122 34 32 104 593 718 17 	9	0	0
8 36 6 156 509 371 29 6 313 2 	7	1	0
11 7 104 1793 23 75 243 15 6 1794 12 509 19 11 151 30 31 162 267 8 139 36 201 15 554 1077 17 	9	1	0
21 22 5 75 1078 19 34 31 1079 90 1 128 740 402 12 6 39 3 1 9 2 	1	0	0
21 22 5 75 1078 19 34 31 1079 90 1 128 740 402 12 6 39 3 1 9 2 	6	2	0
1 160 253 148 8 411 83 62 37 9 7 1795 229 24 8 121 1796 108 11 3 4 1 1080 502 226 83 1 396 12 1 298 2 	1	0	0
4 1 1797 1798 388 7 1799 2 	1	0	0
47 20 202 16 322 125 21 22 5 23 1 22 10 41 2 	1	0	0
25 188 62 15 334 6 1081 12 1063 1018 29 6 650 3 4 8 7 1800 569 27 1 9 2 	1	2	0
1 1801 63 7 42 3 357 344 63 27 6 53 1802 12 229 239 212 24 8 214 77 1803 12 206 2 	1	2	0
1804 875 60 3 230 389 29 1805 917 2 	11	2	0
8 74 1806 40 211 65 2 	2	2	0
25 36 1 406 371 4 11 7 181 2 	1	2	0
37 364 451 157 121 139 432 317 88 3 1 308 7 315 15 91 157 105 1082 24 1 306 771 32 1 46 157 73 36 2 	1	2	0
25 36 1 1083 61 85 276 4 34 32 48 4 1 273 7 117 2 	1	2	0
25 670 33 1 200 4 36 1807 24 32 80 389 2 	10	2	0
25 74 40 65 2 	2	2	0
140 1 9 2 	1	2	0
4 20 149 30 375 1 52 2 	5	2	0
130 405 2 	2	2	0
8 139 443 18 270 15 767 195 4 21 22 73 11 38 2 	2	2	0
14 9 3 16 324 79 3 14 13 4 85 594 252 2 	1	2	0
14 9 3 16 324 79 3 14 13 4 85 594 252 2 	7	2	0
14 9 3 16 324 79 3 14 13 4 85 594 252 2 	0	2	0
14 9 3 16 324 79 3 14 13 4 85 594 252 2 	6	2	0
1 111 1808 32 772 3 28 99 4 96 83 1 473 1809 3 1810 27 1811 3 393 539 390 10 1 107 1812 1813 416 54 1 46 4 1084 8 139 133 36 50 2 	1	2	0
8 191 633 8 7 1814 10 21 22 4 21 5 6 1815 346 18 270 2 	2	2	0
1 1084 3 46 523 3 4 1 1816 290 2 	7	2	0
122 28 464 2 	5	2	0
6 14 595 33 142 1085 4 6 14 269 2 	2	2	0
6 14 595 33 142 1085 4 6 14 269 2 	5	2	0
1 13 7 42 4 1 9 7 48 2 	0	2	0
1 13 7 42 4 1 9 7 48 2 	1	2	0
25 26 28 1086 90 84 4 32 178 414 27 172 595 72 1087 164 1088 1089 54 98 50 3 476 251 3 1090 524 3 84 4 277 3 253 1091 12 329 3 4 1 1092 1093 2 	1	2	0
25 26 28 1086 90 84 4 32 178 414 27 172 595 72 1087 164 1088 1089 54 98 50 3 476 251 3 1090 524 3 84 4 277 3 253 1091 12 329 3 4 1 1092 1093 2 	10	2	0
158 6 14 175 15 6 53 530 51 282 2 	8	2	0
150 10 16 125 9 3 19 372 290 2 	1	2	0
150 10 16 125 9 3 19 372 290 2 	0	0	0
8 139 670 194 69 863 15 9 2 	0	0	0
34 32 28 1817 27 91 115 8 596 4 351 1818 1 9 7 481 138 34 32 86 12 141 2 	0	0	0
6 125 39 86 12 141 698 159 294 	8	0	0
1 9 487 773 588 254 8 596 3 340 4 341 2 	1	0	0
1 9 487 773 588 254 8 596 3 340 4 341 2 	0	0	0
21 5 6 117 22 29 38 1094 1095 167 305 1096 291 2 	5	2	0
21 5 6 117 22 29 38 1094 1095 167 305 1096 291 2 	2	2	0
85 42 13 	0	2	0
25 32 1819 1820 92 1 227 147 7 28 53 4 1821 2 	0	2	0
491 7 28 401 18 1097 106 116 4 1098 106 18 774 6 197 12 16 111 448 25 760 187 90 292 9 2 	0	2	0
491 7 28 401 18 1097 106 116 4 1098 106 18 774 6 197 12 16 111 448 25 760 187 90 292 9 2 	1	2	0
1 9 645 28 827 4 48 448 11 327 29 6 523 12 661 969 2 	7	2	0
25 820 100 14 161 92 704 1822 1823 54 193 50 405 92 1 227 2 	1	2	0
8 1824 37 360 147 405 91 21 39 4 74 682 94 11 10 1825 2 	2	2	0
13 62 7 14 3 9 7 181 2 	1	2	0
74 318 207 109 2 	2	2	0
20 67 23 41 299 27 21 22 2 	2	2	0
1 9 5 478 4 1 13 5 565 3 81 4 28 316 2 	1	2	0
1 9 5 478 4 1 13 5 565 3 81 4 28 316 2 	0	2	0
57 6 53 651 3 19 77 632 2 	8	2	0
57 6 53 651 3 19 77 632 2 	6	2	0
41 62 2 	2	2	0
16 15 1830 51 27 177 2 	8	2	0
8 221 1831 10 1052 138 8 66 23 202 37 1832 12 6 63 22 10 1053 1833 2 	8	2	0
92 272 3 1 46 63 18 136 2 	1	2	0
1 344 5 357 3 1 343 26 96 4 1 56 5 81 2 	1	2	0
25 38 1834 24 1835 5 69 12 1 46 271 163 18 131 241 2 	2	2	0
38 12 1 1100 26 304 4 1 78 5 105 201 17 	1	2	0
8 130 94 1 1836 63 2 	1	2	0
1 9 7 1101 33 46 19 11 7 1 441 13 24 132 91 1102 77 10 41 65 2 	1	0	0
1 9 7 1101 33 46 19 11 7 1 441 13 24 132 91 1102 77 10 41 65 2 	0	0	0
1837 254 25 1838 3 1 227 502 1 291 4 451 3 629 3 20 597 26 1839 62 2 	0	0	0
15 1 165 147 202 14 9 1103 14 13 3 769 5 6 22 10 623 17 	1	0	0
15 1 165 147 202 14 9 1103 14 13 3 769 5 6 22 10 623 17 	0	0	0
8 191 179 8 408 362 15 6 1840 1841 825 2 	2	1	0
1 775 776 70 5 28 777 3 1 778 329 5 42 4 1 13 5 14 2 	6	2	0
1 775 776 70 5 28 777 3 1 778 329 5 42 4 1 13 5 14 2 	10	2	0
1 775 776 70 5 28 777 3 1 778 329 5 42 4 1 13 5 14 2 	0	2	0
450 5 1 1842 268 18 1843 2 	2	2	0
234 71 654 9 5 48 3 71 84 5 86 12 21 186 2 	1	2	0
450 5 301 10 1844 4 772 277 23 10 279 895 363 2 	7	2	0
23 119 5 1 421 1 46 210 3 1 13 73 57 93 225 4 765 2 	1	2	0
23 119 5 1 421 1 46 210 3 1 13 73 57 93 225 4 765 2 	0	2	0
1845 164 20 235 268 11 988 10 1002 33 198 231 163 254 6 207 10 450 17 	2	2	0
1104 5 6 288 39 27 288 165 779 20 3 19 1 9 146 30 265 1105 101 2 	0	2	0
1104 5 6 288 39 27 288 165 779 20 3 19 1 9 146 30 265 1105 101 2 	6	2	0
8 411 1 1846 479 4 1847 276 4 11 7 176 396 2 	1	0	0
1 598 7 246 4 114 3 193 7 23 1106 2 	1	0	0
1 598 7 246 4 114 3 193 7 23 1106 2 	7	0	0
8 395 265 6 113 88 83 255 85 325 79 2 	9	0	0
8 395 265 6 113 88 83 255 85 325 79 2 	1	0	0
1 367 5 591 3 4 1 9 5 14 2 	11	2	0
1 367 5 591 3 4 1 9 5 14 2 	1	2	0
117 1848 1849 61 95 17 	10	2	0
158 76 1 240 10 1850 1023 166 17 	2	2	0
69 12 37 233 548 18 136 2 	2	2	0
322 780 9 24 35 135 43 97 88 121 20 297 15 294 	1	2	0
322 780 9 24 35 135 43 97 88 121 20 297 15 294 	9	2	0
54 1851 24 49 352 40 88 163 44 11 210 1 166 50 2 	2	2	0
1 340 276 111 267 44 1 143 8 1107 431 10 267 115 8 7 1852 101 18 1853 2 	1	2	0
48 284 9 18 53 540 59 2 	1	2	0
48 284 9 18 53 540 59 2 	7	2	0
48 284 9 18 53 540 59 2 	6	2	0
422 3 225 102 56 2 	0	2	0
8 75 44 178 1 1083 4 1 1108 1108 54 29 1854 1855 1011 17 50 2 	1	2	0
37 360 1856 627 173 4 1857 1858 2 	1	2	0
48 476 1859 60 2 	1	2	0
105 47 1 9 7 30 21 16 3 1 400 5 6 14 22 10 534 260 4 781 2 	6	2	0
105 47 1 9 7 30 21 16 3 1 400 5 6 14 22 10 534 260 4 781 2 	1	2	0
14 310 968 2 	2	2	0
21 5 6 53 63 22 27 16 134 12 357 344 63 768 1 1109 482 2 	7	2	0
21 5 6 53 63 22 27 16 134 12 357 344 63 768 1 1109 482 2 	1	2	0
71 1860 26 1861 3 243 3 1862 1863 3 1864 2 	1	0	0
1 1865 13 5 243 2 	0	0	0
34 1866 215 52 38 1 87 2 	0	0	0
1867 147 1868 21 22 168 40 83 6 215 522 3 222 816 3 434 4 599 26 620 2 	1	0	0
1 1110 26 1111 3 600 4 1112 27 1113 3 4 1114 8 214 782 1115 1116 206 8 214 108 347 69 12 326 2 	7	0	0
1 1110 26 1111 3 600 4 1112 27 1113 3 4 1114 8 214 782 1115 1116 206 8 214 108 347 69 12 326 2 	1	0	0
1 582 26 434 3 599 4 143 129 2 	1	0	0
1 582 26 434 3 599 4 143 129 2 	9	0	0
1117 1 22 1118 1119 1120 146 1121 20 24 326 1122 707 88 579 112 1123 3 19 18 21 600 287 27 1124 1125 49 7 6 1126 12 1 1127 60 2 	2	0	0
1117 1 22 1118 1119 1120 146 1121 20 24 326 1122 707 88 579 112 1123 3 19 18 21 600 287 27 1124 1125 49 7 6 1126 12 1 1127 60 2 	0	0	0
1869 3 21 22 1870 1128 2 	2	2	0
1 59 5 783 3 1 13 784 3 4 1 9 785 2 	6	2	0
1 59 5 783 3 1 13 784 3 4 1 9 785 2 	0	2	0
1 59 5 783 3 1 13 784 3 4 1 9 785 2 	1	2	0
46 239 9 8 133 36 54 4 230 239 3 24 465 1871 50 2 	1	2	0
11 5 759 1872 10 68 6 170 3 45 47 20 133 31 1 1015 10 41 62 15 159 3 55 23 1062 11 101 2 	2	2	0
21 5 255 6 723 3 1873 22 10 108 260 2 	6	2	0
1 39 786 86 194 288 1003 1874 10 1 1875 1876 4 1 1877 12 1878 2 	11	2	0
11 5 477 272 83 1 114 624 11 35 29 3 4 49 5 145 966 1004 2 	11	2	0
1 9 5 16 3 167 71 88 667 111 3 4 1 116 26 48 2 	1	2	0
1 9 5 16 3 167 71 88 667 111 3 4 1 116 26 48 2 	10	2	0
14 84 161 2 	1	2	0
53 305 2 	5	2	0
772 1879 2 	1	2	0
82 1880 1881 313 2 	1	2	0
16 601 3 14 1129 1130 4 217 75 99 2 	1	2	0
16 601 3 14 1129 1130 4 217 75 99 2 	3	2	0
1 155 1882 164 145 1883 1884 2 	0	0	0
19 147 1885 1886 35 5 286 90 13 2 	0	0	0
45 559 3 19 23 16 303 2 	2	1	0
55 30 40 1887 92 1888 12 165 2 	8	0	0
1 13 5 1131 2 	0	0	0
21 22 5 23 76 1 52 2 	2	0	0
21 22 5 23 76 1 52 2 	5	0	0
122 3 55 30 1889 29 834 15 64 233 313 3 47 11 35 23 29 1 79 3 20 149 30 31 11 2 	0	0	0
140 63 1890 354 	2	2	0
8 74 40 86 27 177 4 38 12 6 1891 8 221 653 4 8 119 1892 69 223 43 71 63 2 	1	2	0
11 787 1 175 172 87 	2	2	0
21 374 1132 175 5 57 475 1075 2 	2	2	0
1 63 5 48 4 1 1133 5 69 12 1 788 18 312 2 	1	2	0
1 63 5 48 4 1 1133 5 69 12 1 788 18 312 2 	0	2	0
1 416 568 26 86 12 21 186 4 8 140 24 1134 17 17 	1	2	0
1 416 568 26 86 12 21 186 4 8 140 24 1134 17 17 	10	2	0
6 89 321 19 34 700 24 766 75 144 17 	0	2	0
6 89 321 19 34 700 24 766 75 144 17 	8	0	0
6 89 180 19 11 75 787 1 175 29 6 542 1135 17 	5	0	0
6 89 180 19 11 75 787 1 175 29 6 542 1135 17 	2	2	0
217 26 237 3 19 40 179 23 10 120 142 98 490 17 	1	1	0
217 26 237 3 19 40 179 23 10 120 142 98 490 17 	0	0	0
8 427 15 85 529 1893 212 371 4 1 586 1014 644 91 10 415 37 358 1077 17 	0	0	0
1 388 15 1 1894 7 1028 273 4 499 2 	1	0	0
1 84 7 1131 17 	1	0	0
1 141 7 361 127 4 7 376 45 1895 11 7 1896 2 	1	0	0
1 137 7 1897 3 19 1898 474 2 	7	0	0
11 5 1899 24 145 69 18 1 39 73 142 965 90 51 161 27 231 421 2 	1	0	0
16 3 144 13 2 	0	2	0
8 66 130 94 2 	2	2	0
9 5 14 4 464 2 	1	2	0
1 426 5 174 2 	11	2	0
418 11 6 82 4 228 2 	2	2	0
95 3 21 22 5 45 1900 126 23 105 1901 2 	6	0	0
47 20 44 64 293 1136 4 1 1137 5 370 24 14 4 47 20 202 10 557 33 459 706 1138 563 1139 242 20 408 140 11 62 2 	4	0	0
47 20 44 64 293 1136 4 1 1137 5 370 24 14 4 47 20 202 10 557 33 459 706 1138 563 1139 242 20 408 140 11 62 2 	6	0	0
66 77 41 65 49 2 	2	0	0
755 63 167 1 1902 482 2 	1	2	0
57 500 19 144 1903 2 	0	2	0
14 1140 4 76 172 113 2 	6	2	0
14 1140 4 76 172 113 2 	2	2	0
529 481 54 95 61 481 61 8 133 213 49 4 8 191 6 189 789 50 	8	2	0
1904 4 627 56 26 1 46 1141 20 67 268 779 20 2 	0	2	0
1 9 5 790 4 1 78 5 741 2 	1	2	0
1 9 5 790 4 1 78 5 741 2 	5	1	0
97 88 67 20 297 15 294 	2	2	0
15 322 125 9 3 640 145 838 112 1142 2 	1	2	0
82 1 365 125 3 51 1905 286 29 1 276 79 43 791 38 48 2 	1	2	0
118 90 21 39 7 98 2 	2	2	0
1 13 7 225 3 657 1906 2 	0	2	0
1 1907 1908 4 953 2 	1	2	0
1 1909 4 1910 61 1005 1911 5 6 257 4 373 1143 10 6 128 989 183 2 	1	2	0
13 7 16 4 9 5 117 2 	0	2	0
13 7 16 4 9 5 117 2 	1	2	0
8 151 23 82 1 428 19 8 410 71 479 4 476 359 54 34 26 38 16 50 	1	2	0
11 5 158 6 16 175 15 1912 4 1913 2 	2	2	0
61 6 1914 1915 3 8 67 184 27 123 1916 12 1917 24 15 1 160 992 1144 1145 73 93 1 46 1918 65 481 189 18 1 166 2 	2	2	0
1 9 5 519 3 167 71 376 10 377 1146 18 229 1919 273 4 71 1920 566 771 2 	1	2	0
19 1 46 402 90 1921 5 1 481 189 59 3 1922 1923 12 1 1924 2 	6	2	0
20 67 68 6 560 1925 1926 18 6 394 54 24 35 90 581 1147 581 116 50 15 104 1927 54 8 94 1 1928 1929 3 1930 17 50 18 6 14 1931 252 27 14 293 2 	3	2	0
1 18 403 1932 1933 29 650 675 73 812 16 267 18 293 3 4 1934 3 1148 490 2 	6	2	0
20 149 30 41 299 27 21 22 2 	2	2	0
429 5 6 14 22 24 8 348 415 37 177 54 1935 50 60 2 	2	2	0
126 426 5 16 4 1 587 24 1149 1150 5 1151 4 71 52 26 28 154 3 185 1152 41 65 10 429 109 4 109 2 	11	2	0
126 426 5 16 4 1 587 24 1149 1150 5 1151 4 71 52 26 28 154 3 185 1152 41 65 10 429 109 4 109 2 	5	2	0
8 140 71 125 	1	2	0
489 27 390 4 173 4 1936 1937 5 1 168 17 	1	2	0
8 74 41 65 10 429 462 17 	2	2	0
18 1153 108 260 29 6 881 54 347 14 1938 12 429 50 17 17 17 	6	2	0
8 67 23 792 6 1939 56 970 18 6 39 2 	0	2	0
8 67 23 792 201 292 9 18 38 12 1 166 2 	1	2	0
8 67 23 792 20 23 1940 86 10 108 49 2 	2	2	0
698 1 552 12 1 793 435 1941 3 1 355 4 56 1942 4 11 7 23 15 1 201 2 	0	0	0
8 546 34 66 1073 65 10 97 11 7 206 2 	2	0	0
1 9 602 5 1943 2 	1	0	0
1 252 5 386 4 199 2 	6	2	0
47 20 153 1944 3 82 1 1009 742 194 1945 3 11 35 117 17 	1	2	0
55 23 68 1 41 41 1946 3 145 526 97 1 671 184 2 	1	0	0
34 32 255 6 1154 176 54 104 1155 15 486 114 794 1156 18 1157 1158 50 4 23 76 466 2 	1	0	0
34 32 255 6 1154 176 54 104 1155 15 486 114 794 1156 18 1157 1158 50 4 23 76 466 2 	7	0	0
1 1159 12 1 261 262 3 169 180 92 483 1160 3 5 76 11 2 	9	0	0
1 1159 12 1 261 262 3 169 180 92 483 1160 3 5 76 11 2 	1	2	0
1 102 62 5 795 15 261 262 3 19 47 20 55 30 44 558 259 51 47 1 285 796 261 262 59 5 23 64 797 3 21 5 6 496 54 15 483 50 798 2 	0	0	0
1 102 62 5 795 15 261 262 3 19 47 20 55 30 44 558 259 51 47 1 285 796 261 262 59 5 23 64 797 3 21 5 6 496 54 15 483 50 798 2 	6	0	0
1 102 62 5 795 15 261 262 3 19 47 20 55 30 44 558 259 51 47 1 285 796 261 262 59 5 23 64 797 3 21 5 6 496 54 15 483 50 798 2 	8	0	0
326 26 129 4 20 67 68 201 80 210 1 1161 164 	9	0	0
326 26 129 4 20 67 68 201 80 210 1 1161 164 	1	0	0
8 7 475 1162 2 	2	2	0
1 9 7 577 2 	1	2	0
8 1947 10 41 27 69 12 1 98 3 1 1948 473 1949 18 547 58 3 72 7 42 2 	1	2	0
1 13 7 81 4 1 59 7 386 2 	0	2	0
1 13 7 81 4 1 59 7 386 2 	6	1	0
1 39 5 6 113 695 19 24 5 991 24 67 40 1950 336 20 534 266 4 228 6 14 183 	1	2	0
21 89 22 73 6 257 1163 70 4 323 166 52 2 	6	2	0
21 89 22 73 6 257 1163 70 4 323 166 52 2 	5	2	0
31 432 33 1953 403 317 148 3 4 11 35 57 16 2 	2	2	0
1 512 251 26 14 17 	1	2	0
815 6 790 603 39 17 	2	2	0
21 22 66 40 45 162 201 256 92 230 1954 92 6 349 24 351 1955 1064 13 2 	0	0	0
1956 33 21 39 74 418 1957 1958 90 286 4 18 1 672 3 23 69 789 1148 1959 15 286 2 	0	0	0
372 3 372 604 1164 10 40 1165 266 2 	0	0	0
372 3 372 604 1164 10 40 1165 266 2 	2	0	0
77 1960 10 414 2 	2	2	0
48 217 3 167 115 389 86 12 1 1961 2 	1	2	0
601 4 677 26 14 169 6 113 180 2 	1	2	0
601 4 677 26 14 169 6 113 180 2 	9	0	0
13 5 144 4 81 2 	0	2	0
19 24 5 130 1962 2 	8	2	0
1 9 5 330 33 46 3 4 1 110 3 95 3 11 35 6 526 12 1166 3 123 235 440 11 10 40 6 373 223 3 8 224 11 7 80 1167 2 	1	0	0
1 9 5 330 33 46 3 4 1 110 3 95 3 11 35 6 526 12 1166 3 123 235 440 11 10 40 6 373 223 3 8 224 11 7 80 1167 2 	6	0	0
47 1963 120 20 1964 3 242 64 18 15 6 1965 3 19 47 64 44 128 210 326 1966 242 20 408 80 1967 4 1968 97 680 27 38 1 871 2 	8	0	0
605 5 6 16 39 3 19 11 35 187 98 2 	2	1	0
19 254 160 189 3 1080 928 5 1 119 22 8 191 420 292 421 2 	1	2	0
20 168 82 1 390 606 2 	1	2	0
105 37 292 360 121 30 833 247 16 4 99 118 7 2 	1	2	0
21 22 73 1 1 1969 110 4 85 42 56 10 120 20 103 44 6 931 4 6 360 33 1 585 87 2 	6	2	0
14 9 3 14 52 3 14 13 2 	5	2	0
47 20 26 209 15 6 16 127 3 135 1168 21 5 1 22 2 	1	2	0
47 20 26 209 15 6 16 127 3 135 1168 21 5 1 22 2 	9	2	0
11 35 6 174 22 10 31 6 1970 292 9 2 	1	2	0
8 75 345 1 215 4 1971 1143 24 35 1 1972 1973 10 1 9 2 	7	2	0
122 11 35 14 10 31 159 18 6 28 199 4 1169 22 3 1 13 11 35 80 174 43 791 45 1170 24 25 77 202 10 424 1 22 17 	6	2	0
122 11 35 14 10 31 159 18 6 28 199 4 1169 22 3 1 13 11 35 80 174 43 791 45 1170 24 25 77 202 10 424 1 22 17 	0	2	0
71 217 26 315 3 19 34 26 6 89 1974 3 4 23 75 6 533 98 533 460 161 2 	1	0	0
14 217 132 1 739 1171 143 2 	1	2	0
14 217 132 1 739 1171 143 2 	7	2	0
1 9 7 318 107 17 17 	1	2	0
1 886 1975 1976 25 1977 61 606 32 1 46 25 139 133 36 17 17 	1	2	0
1 473 7 1978 45 412 12 396 3 1 193 7 983 17 17 	1	2	0
1 227 7 225 2 	0	2	0
1 22 979 5 288 1 200 1979 531 10 40 1980 2 	6	2	0
1172 159 1173 470 528 164 606 32 237 3 227 799 91 361 1174 354 82 1 1175 494 1176 46 69 2 	0	0	0
735 1982 51 1983 1984 3 437 338 1178 1 585 4 20 149 30 297 15 88 112 24 115 1 13 5 21 81 2 	0	2	0
1 39 73 6 220 103 3 23 459 27 1179 10 1 204 72 26 567 171 1 1180 484 121 31 1181 1182 1183 1184 186 1185 2 	6	2	0
1 39 73 6 220 103 3 23 459 27 1179 10 1 204 72 26 567 171 1 1180 484 121 31 1181 1182 1183 1184 186 1185 2 	7	2	0
1 1186 258 7 42 3 167 1 764 3 61 32 1 307 258 1187 2 	1	2	0
1 1186 258 7 42 3 167 1 764 3 61 32 1 307 258 1187 2 	7	2	0
1 58 124 5 300 4 67 1188 1189 101 85 1190 590 182 183 2 	3	2	0
1 58 124 5 300 4 67 1188 1189 101 85 1190 590 182 183 2 	9	2	0
457 3 142 1191 90 1 580 32 176 477 92 1 1192 64 800 1193 12 1194 72 32 1195 12 1 403 43 	5	1	0
457 3 142 1191 90 1 580 32 176 477 92 1 1192 64 800 1193 12 1194 72 32 1195 12 1 403 43 	3	2	0
181 22 2 	2	2	0
6 302 705 2 	2	2	0
41 49 10 781 4 103 44 64 976 363 2 	6	2	0
1144 1145 5 6 14 386 22 10 80 1985 6 471 10 108 2 	2	2	0
14 9 3 14 70 3 14 13 2 	1	2	0
14 9 3 14 70 3 14 13 2 	6	2	0
14 9 3 14 70 3 14 13 2 	0	2	0
8 94 11 17 	2	2	0
21 5 1 174 175 15 1043 177 3 704 334 3 159 3 801 1196 51 254 1196 116 17 	8	2	0
54 57 297 1 1197 15 1 1051 423 17 17 17 	10	2	0
1986 10 40 6 99 161 17 50 	10	2	0
42 175 15 1198 68 1987 27 950 709 51 177 24 20 1988 469 18 6 234 2 	8	2	0
8 31 93 716 38 12 1 339 33 1 1989 1990 15 194 767 195 602 4 8 31 77 93 296 17 	2	2	0
38 1 165 24 8 1199 49 41 65 29 71 800 4 1199 71 177 17 	8	2	0
41 49 336 4 1991 342 43 20 74 41 65 43 20 74 43 	2	2	0
97 6 14 22 17 	2	2	0
23 1 285 312 1992 1993 39 2 	6	2	0
6 208 200 27 14 9 3 4 356 12 42 423 2 	6	2	0
6 208 200 27 14 9 3 4 356 12 42 423 2 	1	2	0
6 208 200 27 14 9 3 4 356 12 42 423 2 	10	2	0
6 208 200 27 14 9 3 4 356 12 42 423 2 	3	2	0
4 105 27 11 35 701 59 34 32 14 10 37 957 60 17 	0	2	0
345 11 17 	2	2	0
1 390 1994 7 42 4 1 1995 32 1996 2 	1	2	0
11 5 325 19 95 76 1 291 2 	5	0	0
47 20 1997 176 1 1998 12 136 4 149 30 571 10 268 6 14 239 39 3 864 10 1999 2 	2	2	0
1 119 223 88 117 112 1 9 54 72 5 577 50 5 1 13 2 	1	2	0
1 119 223 88 117 112 1 9 54 72 5 577 50 5 1 13 2 	0	2	0
117 33 1198 87 2 	8	2	0
337 199 2000 27 119 210 593 259 33 128 2 	6	2	0
13 7 28 274 19 383 674 2 	0	2	0
9 7 28 16 3 19 23 97 8 66 440 86 12 21 186 2 	1	1	0
41 62 15 6 199 159 19 23 15 85 38 86 1200 236 161 2 	6	2	0
41 62 15 6 199 159 19 23 15 85 38 86 1200 236 161 2 	8	0	0
37 360 83 2001 4 1201 32 475 1049 115 25 487 4 437 2002 239 2 	8	2	0
60 243 1 9 7 30 12 1 585 2003 2 	1	0	0
1 1008 955 258 98 7 599 3 45 7 1 271 2004 2 	1	0	0
6 468 2005 2 	1	0	0
19 24 7 30 1 2006 29 1 656 164 6 949 24 2007 187 8 31 133 36 2 	1	0	0
34 352 31 596 11 2008 27 720 551 16 19 6 272 2009 83 97 1 673 2010 2 	1	0	0
182 33 413 2011 713 2 	5	0	0
11 7 192 464 60 2 	5	2	0
21 22 73 1 46 603 579 607 2012 18 1 166 2 	1	2	0
8 122 94 1 141 111 51 1 215 2013 12 945 54 141 2014 50 2 	1	2	0
11 35 1202 23 6 22 10 41 47 20 202 10 2015 506 2 	8	0	0
190 3 47 20 202 14 9 33 6 14 78 4 55 30 461 1 70 3 20 149 30 375 21 22 2 	1	2	0
190 3 47 20 202 14 9 33 6 14 78 4 55 30 461 1 70 3 20 149 30 375 21 22 2 	9	2	0
565 4 81 13 2 	0	2	0
21 5 69 12 1 46 2016 9 548 18 1 166 2 	2	2	0
115 20 153 685 18 71 1177 236 287 54 72 73 6 591 3 919 2017 320 826 50 20 214 77 436 49 7 6 186 260 2 	6	2	0
1 9 5 117 3 99 4 307 3 4 1 13 5 316 4 81 2 	1	2	0
1 9 5 117 3 99 4 307 3 4 1 13 5 316 4 81 2 	0	2	0
8 149 30 102 15 1153 3 115 34 328 260 29 71 1203 1074 2 	6	2	0
8 721 410 429 4 8 224 24 11 7 14 2 	2	2	0
21 89 22 158 802 37 803 4 20 179 68 6 197 12 9 15 64 291 2 	7	2	0
21 89 22 158 802 37 803 4 20 179 68 6 197 12 9 15 64 291 2 	2	2	0
21 89 22 158 802 37 803 4 20 179 68 6 197 12 9 15 64 291 2 	9	2	0
1 13 7 144 4 81 4 1 9 7 28 99 4 34 36 1 46 417 273 10 387 10 64 508 2 	0	2	0
1 13 7 144 4 81 4 1 9 7 28 99 4 34 36 1 46 417 273 10 387 10 64 508 2 	1	2	0
8 31 10 184 24 8 221 475 1162 4 8 74 128 2018 453 18 109 47 8 221 18 1 310 2 	2	2	0
34 38 436 20 2 	0	2	0
16 9 2 	1	2	0
16 782 2 	10	2	0
247 55 20 2019 301 294 	8	2	0
8 31 77 36 2020 44 21 2 	1	2	0
8 224 8 36 831 4 2021 10 922 2 	1	2	0
14 175 3 1007 209 15 6 1081 12 116 51 688 159 2 	8	2	0
1 9 5 14 4 34 31 6 16 804 12 216 33 154 52 2 	1	2	0
1 9 5 14 4 34 31 6 16 804 12 216 33 154 52 2 	3	2	0
1 9 5 14 4 34 31 6 16 804 12 216 33 154 52 2 	4	2	0
31 93 317 148 4 11 77 2022 2 	2	2	0
25 32 554 112 569 2 	2	0	0
234 1 289 4 59 32 14 3 1 9 4 13 121 31 93 6 197 201 2 	6	2	0
234 1 289 4 59 32 14 3 1 9 4 13 121 31 93 6 197 201 2 	1	0	0
234 1 289 4 59 32 14 3 1 9 4 13 121 31 93 6 197 201 2 	0	0	0
25 411 1 173 2023 3 19 97 25 213 32 6 562 114 1204 12 173 3 38 961 794 4 29 1 987 2 	7	0	0
335 66 23 41 109 43 	2	0	0
2024 27 1 173 3 805 3 4 473 111 2 	1	2	0
13 5 81 3 4 77 36 6 458 715 18 4 608 6 170 2 	0	2	0
13 5 81 3 4 77 36 6 458 715 18 4 608 6 170 2 	8	2	0
732 193 2 	1	0	0
46 2025 371 133 17 	1	2	0
6 2026 17 	1	2	0
55 30 929 2027 35 29 64 379 240 10 2028 2 	2	2	0
11 7 1 278 22 25 449 29 100 278 240 10 131 241 3 4 11 74 40 1 160 22 25 453 61 25 2029 86 12 409 29 100 379 240 10 131 241 2 	8	2	0
1 9 7 23 96 3 1 2030 32 246 4 28 445 2 	1	0	0
11 80 7 30 125 2 	1	0	0
7 438 296 2 	1	0	0
63 7 6 89 341 2 	1	0	0
532 7 16 43 19 8 31 10 184 24 8 279 118 6 113 129 2 	1	2	0
532 7 16 43 19 8 31 10 184 24 8 279 118 6 113 129 2 	9	0	0
23 303 216 92 1 394 729 2 	3	0	0
13 3 190 3 7 42 43 4 8 553 1 252 59 6 197 2 	6	2	0
9 7 80 150 43 47 34 2031 1 52 80 6 113 3 11 66 40 6 2032 2033 2 	5	0	0
21 22 5 6 14 583 2 	5	2	0
322 2034 9 2 	1	2	0
165 26 57 81 2 	0	2	0
80 1205 101 135 3 16 9 2 	1	2	0
80 1205 101 135 3 16 9 2 	9	2	0
2035 5 2036 16 2 	2	2	0
1 46 365 125 8 139 133 36 2 	1	2	0
1 2037 4 59 5 80 61 16 2 	6	2	0
1206 12 58 26 135 4 16 2 	4	2	0
1206 12 58 26 135 4 16 2 	10	2	0
97 88 121 20 202 294 	2	2	0
1 9 7 351 2038 2 	1	0	0
8 191 23 2039 19 11 7 351 2040 2 	1	0	0
1 2041 32 1 2042 314 8 139 133 724 3 1 2043 7 246 3 1 555 212 359 7 2044 1 555 212 3 1 430 2045 173 36 2046 18 11 43 11 7 1024 2 	1	0	0
53 59 3 1 13 7 28 302 4 1 806 7 16 2 	6	2	0
53 59 3 1 13 7 28 302 4 1 806 7 16 2 	0	2	0
53 59 3 1 13 7 28 302 4 1 806 7 16 2 	1	2	0
66 30 2047 11 15 159 17 	2	0	0
21 5 1 174 282 175 15 1132 2048 2 	8	2	0
1 2049 2050 118 83 239 2051 10 1 2052 2 	6	2	0
1 9 5 107 3 1207 1208 4 96 1209 63 2 	1	2	0
1 9 5 107 3 1207 1208 4 96 1209 63 2 	7	2	0
46 12 38 5 1 232 404 3 1 472 5 665 81 4 13 5 144 2 	6	2	0
46 12 38 5 1 232 404 3 1 472 5 665 81 4 13 5 144 2 	0	2	0
47 119 34 857 3 34 214 120 6 2053 17 	8	1	0
41 62 15 1 116 17 	10	2	0
1 116 26 107 4 649 176 1210 666 1211 2 	10	2	0
1 116 26 107 4 649 176 1210 666 1211 2 	4	2	0
297 15 2054 3 1 788 1197 18 136 2 	0	2	0
37 2055 7 1 2056 2057 43 	10	2	0
21 5 85 107 22 10 82 123 1212 277 2 	1	2	0
8 75 94 1 28 284 2058 54 1213 50 277 2 	1	2	0
2059 2060 3 2061 3 1030 4 6 2062 1128 1212 2 	1	2	0
107 17 	1	2	0
1142 73 721 93 2063 3 45 11 35 602 6 28 1214 2064 2 	6	2	0
1 9 35 61 16 61 133 2 	1	2	0
18 85 248 2065 2066 18 330 125 9 3 21 5 69 12 1 46 2067 2 	1	2	0
188 62 160 189 53 70 3 16 13 3 19 1 9 7 438 42 2 	6	2	0
188 62 160 189 53 70 3 16 13 3 19 1 9 7 438 42 2 	0	2	0
188 62 160 189 53 70 3 16 13 3 19 1 9 7 438 42 2 	1	2	0
1 204 26 156 3 45 11 725 40 16 10 281 628 314 10 2068 54 332 112 69 276 4 598 2069 789 50 15 253 165 2 	7	1	0
149 30 102 10 41 65 2 	2	2	0
46 2070 194 141 4 2071 229 388 18 409 17 	1	2	0
805 2072 388 5 16 61 95 2 	1	2	0
1 13 5 16 4 1 570 5 381 2 	0	2	0
1 13 5 16 4 1 570 5 381 2 	6	2	0
46 780 9 18 270 17 	1	2	0
8 31 93 10 605 35 335 593 148 1 793 435 195 4 11 2073 608 201 2 	2	2	0
15 399 24 41 336 4 55 30 228 11 3 38 8 67 184 5 24 34 80 55 30 68 11 2 	8	2	0
605 35 73 1 46 13 4 59 18 312 2 	0	2	0
605 35 73 1 46 13 4 59 18 312 2 	6	2	0
16 2074 608 6 170 2 	8	0	0
37 2075 4 8 140 21 22 2 	2	2	0
1 308 758 62 26 156 3 4 1 84 5 16 2 	1	2	0
56 5 28 722 2 	0	2	0
42 251 256 1215 381 3 1216 70 2 	1	2	0
42 251 256 1215 381 3 1216 70 2 	6	2	0
8 213 1 104 369 369 480 261 262 2076 3 172 471 12 72 7 14 2 	1	2	0
19 104 1147 15 718 114 480 294 294 294 	9	0	0
23 76 11 2 	9	0	0
8 963 30 41 65 859 506 363 5 2077 1 580 2 	5	0	0
1 70 5 28 284 19 1069 2 	6	2	0
1 9 7 48 19 55 23 264 62 29 6 488 807 2 	1	2	0
1 9 7 48 19 55 23 264 62 29 6 488 807 2 	7	0	0
1 204 26 114 19 230 24 1 9 7 45 16 185 101 15 24 2 	7	0	0
1 204 26 114 19 230 24 1 9 7 45 16 185 101 15 24 2 	1	2	0
20 168 31 1 2078 1217 72 5 86 12 21 186 4 1 720 887 2079 15 193 2 	1	2	0
14 292 9 4 1 13 5 378 2 	1	2	0
1 472 456 2080 10 38 64 561 2 	0	2	0
437 7 88 242 708 27 770 398 2 	0	2	0
14 9 4 1 52 26 28 154 2 	5	2	0
1 9 62 146 6 14 13 10 1 673 54 2081 24 5 43 50 2 	1	2	0
8 1076 18 140 27 1 1213 489 18 1 805 2082 27 390 251 4 2083 12 607 2084 631 2 	1	2	0
21 298 5 37 233 4 8 57 68 11 115 8 41 49 4 77 68 2085 12 11 2 	1	2	0
245 123 16 368 603 9 33 378 52 43 	1	2	0
245 123 16 368 603 9 33 378 52 43 	9	2	0
13 5 23 97 20 26 515 62 15 43 	0	0	0
155 942 5 6 14 22 10 108 4 926 64 807 2 	2	2	0
2086 1 1218 2087 7 3 34 32 29 493 2 	6	2	0
16 293 3 14 9 3 609 13 323 52 2 	6	2	0
16 293 3 14 9 3 609 13 323 52 2 	1	2	0
16 293 3 14 9 3 609 13 323 52 2 	0	2	0
16 293 3 14 9 3 609 13 323 52 2 	5	2	0
126 6 89 86 12 1 143 47 20 55 30 424 18 1 310 3 19 158 76 1 240 83 1219 20 26 2 	11	0	0
126 6 89 86 12 1 143 47 20 55 30 424 18 1 310 3 19 158 76 1 240 83 1219 20 26 2 	2	2	0
811 16 231 2088 2 	1	2	0
59 5 53 4 592 60 43 	6	2	0
2089 54 607 2090 50 5 99 60 2 	1	2	0
47 20 55 30 461 801 474 578 127 137 3 1220 56 4 6 84 355 24 786 44 157 5 1221 242 21 5 64 22 2 	1	0	0
47 20 55 30 461 801 474 578 127 137 3 1220 56 4 6 84 355 24 786 44 157 5 1221 242 21 5 64 22 2 	8	0	0
78 4 127 12 137 484 74 350 106 83 808 6 362 207 2 	9	0	0
78 4 127 12 137 484 74 350 106 83 808 6 362 207 2 	1	0	0
78 4 127 12 137 484 74 350 106 83 808 6 362 207 2 	2	0	0
7 30 211 10 817 19 8 103 2091 43 234 685 33 1 84 200 236 25 2092 1 355 2093 2094 6 480 12 2095 29 1 1222 4 642 2096 11 83 1 1222 2097 10 660 1 480 18 1 290 281 157 7 2098 2 	1	0	0
145 2099 17 17 17 	2	0	0
283 70 185 20 103 44 20 153 18 6 610 136 39 3 28 28 16 9 3 611 182 3 612 81 56 3 4 47 20 153 6 613 3 51 614 128 12 64 87 18 136 3 141 280 74 120 20 103 33 301 250 28 485 392 413 615 196 616 1 325 52 4 617 618 250 38 29 619 280 17 	6	2	0
283 70 185 20 103 44 20 153 18 6 610 136 39 3 28 28 16 9 3 611 182 3 612 81 56 3 4 47 20 153 6 613 3 51 614 128 12 64 87 18 136 3 141 280 74 120 20 103 33 301 250 28 485 392 413 615 196 616 1 325 52 4 617 618 250 38 29 619 280 17 	1	2	0
283 70 185 20 103 44 20 153 18 6 610 136 39 3 28 28 16 9 3 611 182 3 612 81 56 3 4 47 20 153 6 613 3 51 614 128 12 64 87 18 136 3 141 280 74 120 20 103 33 301 250 28 485 392 413 615 196 616 1 325 52 4 617 618 250 38 29 619 280 17 	9	2	0
283 70 185 20 103 44 20 153 18 6 610 136 39 3 28 28 16 9 3 611 182 3 612 81 56 3 4 47 20 153 6 613 3 51 614 128 12 64 87 18 136 3 141 280 74 120 20 103 33 301 250 28 485 392 413 615 196 616 1 325 52 4 617 618 250 38 29 619 280 17 	11	2	0
25 32 2100 260 4 1 227 2101 547 58 4 417 2102 29 1201 4 37 282 2 	0	0	0
25 32 242 2103 311 2 	0	0	0
69 66 244 25 214 68 85 2104 51 620 116 911 3 25 213 6 2105 227 66 30 105 415 100 281 15 593 588 4 799 106 2106 115 25 427 1057 10 55 45 2 	0	0	0
25 536 3 77 10 362 2 	2	0	0
27 45 205 16 163 29 1 541 3 8 55 30 380 129 9 3 1223 1224 102 56 147 55 30 1225 34 249 33 6 1226 738 3 1227 13 3 4 604 24 146 30 521 2 	9	0	0
27 45 205 16 163 29 1 541 3 8 55 30 380 129 9 3 1223 1224 102 56 147 55 30 1225 34 249 33 6 1226 738 3 1227 13 3 4 604 24 146 30 521 2 	0	0	0
8 221 809 131 10 1 248 4 410 1228 6 1229 29 1230 4 7 296 27 1 13 4 8 224 1 9 7 1231 4 29 1 180 196 2 	0	0	0
8 221 809 131 10 1 248 4 410 1228 6 1229 29 1230 4 7 296 27 1 13 4 8 224 1 9 7 1231 4 29 1 180 196 2 	1	0	0
1232 35 73 1233 9 4 6 53 70 33 154 52 2 	1	2	0
1232 35 73 1233 9 4 6 53 70 33 154 52 2 	5	2	0
1 119 458 5 24 1 586 5 6 2107 763 2 	0	0	0
157 442 2108 13 4 73 145 2109 2 	0	0	0
49 5 145 2110 15 255 621 13 17 	0	0	0
8 31 77 206 432 2111 1204 12 809 16 2112 2 	1	1	0
20 67 55 11 62 2 	7	2	0
104 773 15 38 20 67 108 84 67 23 40 849 2 	9	2	0
8 188 10 2113 29 6 542 543 27 486 12 37 2114 3 4 2115 628 993 2116 49 2 	2	2	0
128 12 1 2117 26 28 225 3 81 4 265 1214 2 	0	2	0
1 404 5 28 592 4 337 3 13 7 14 4 1 9 7 42 17 	0	2	0
1 404 5 28 592 4 337 3 13 7 14 4 1 9 7 42 17 	1	2	0
91 4 37 2118 74 158 41 65 2 	2	2	0
9 7 16 4 1 367 12 1 131 241 166 1234 7 304 105 29 6 1235 1236 263 44 24 12 115 8 188 2 	1	2	0
9 7 16 4 1 367 12 1 131 241 166 1234 7 304 105 29 6 1235 1236 263 44 24 12 115 8 188 2 	11	2	0
8 66 130 2119 2120 6 170 92 1 2121 2 	11	2	0
218 34 55 1 285 97 422 12 499 66 20 44 1237 1 13 7 16 4 238 28 544 10 22 10 108 2 	0	2	0
218 34 55 1 285 97 422 12 499 66 20 44 1237 1 13 7 16 4 238 28 544 10 22 10 108 2 	6	2	0
1 9 5 14 2 	1	2	0
2122 2123 26 1 174 324 15 399 653 675 2 	7	2	0
8 844 94 2 	2	2	0
49 5 6 2124 47 20 153 774 18 1 290 597 31 2125 2126 2 	0	0	0
77 31 8 36 255 2127 290 597 54 6 197 12 2128 4 2129 4 2130 2131 2132 2133 2134 8 424 18 6 2135 50 147 57 571 296 27 71 1059 2 	0	0	0
1 63 7 192 16 4 156 2 	1	2	0
1 63 7 192 16 4 156 2 	7	2	0
1 78 28 154 2 	5	2	0
25 32 2136 4 213 1 220 324 430 6 810 2137 72 7 2138 1203 308 43 6 2139 12 9 944 2 	7	2	0
1 258 430 7 192 1238 647 3 646 72 465 6 155 1239 10 1240 354 99 33 278 19 8 66 184 24 8 7 412 27 6 482 12 63 4 425 10 1241 3 430 43 213 6 89 1242 1243 710 7 1244 43 1245 	1	0	0
1 258 430 7 192 1238 647 3 646 72 465 6 155 1239 10 1240 354 99 33 278 19 8 66 184 24 8 7 412 27 6 482 12 63 4 425 10 1241 3 430 43 213 6 89 1242 1243 710 7 1244 43 1245 	7	0	0
810 2140 2141 18 3 4 8 244 34 26 716 11 1 46 2 	1	2	0
295 134 3 16 216 3 13 315 3 219 70 2 	10	2	0
295 134 3 16 216 3 13 315 3 219 70 2 	0	2	0
295 134 3 16 216 3 13 315 3 219 70 2 	6	2	0
8 140 11 2 	2	2	0
8 279 11 29 6 340 189 3 1 174 175 10 232 101 2 	8	2	0
8 2142 274 13 27 6 703 2 	0	2	0
10 91 11 2143 485 3 257 3 2144 3 295 2 	6	2	0
1202 643 11 86 17 17 17 	2	2	0
21 22 2145 91 226 43 92 272 37 131 233 39 29 1 2146 196 2 	2	2	0
1 58 124 5 300 4 658 2 	3	2	0
140 1 59 419 44 8 7 18 1010 2 	6	2	0
1 1146 32 181 4 45 7 1 193 43 158 211 10 40 65 28 462 2 	1	2	0
8 31 93 515 62 15 195 4 31 187 19 16 314 10 184 90 1 13 4 1 14 56 33 810 2147 2 	0	2	0
194 1 195 1 1042 3 2148 3 4 770 1141 3 31 57 1178 91 61 220 218 27 38 1 358 21 23 45 89 346 146 3 11 107 157 35 105 696 10 1107 6 951 19 23 45 2149 2150 2 	0	2	0
8 139 122 93 862 33 38 1 131 2151 18 1 793 562 195 164 6 131 1218 200 3 1 128 181 236 400 3 1 46 357 344 1100 3 4 602 6 1217 79 72 5 10 525 15 54 326 26 23 64 150 2152 50 17 	6	2	0
350 101 1 16 249 597 17 	2	2	0
8 31 10 184 8 31 77 36 6 2153 183 62 2 	1	2	0
25 121 31 132 6 183 12 1 519 251 83 1 2154 79 2 	1	2	0
2155 25 2156 287 15 1 607 479 3 501 1020 4 566 626 2 	1	2	0
